#  X  Y  TVDSS  MD
Name   1073
    59657.60    43146.60      -31.31       20.00
    59657.61    43146.62      -21.31       30.00
    59657.62    43146.69       -1.31       50.00
    59657.64    43146.74        8.69       60.00
    59657.66    43146.82       27.69       79.00
    59657.68    43146.91       47.69       99.00
    59657.70    43146.99       57.69      109.00
    59657.73    43147.10       67.69      119.00
    59657.77    43147.23       77.69      129.00
    59657.86    43147.57       88.68      140.00
    59657.62    43148.15       98.66      150.00
    59656.86    43148.59      108.62      160.00
    59656.01    43149.07      117.57      169.00
    59654.94    43149.69      127.49      179.00
    59653.65    43150.43      138.39      190.00
    59652.49    43151.10      147.29      199.00
    59650.86    43152.03      158.13      210.00
    59649.19    43153.01      167.94      220.00
    59647.36    43154.13      177.71      230.00
    59645.41    43155.38      187.44      240.00
    59644.01    43156.33      194.23      247.00
    59641.37    43158.13      206.83      260.00
    59639.32    43159.56      216.51      270.00
    59637.26    43160.99      226.19      280.00
    59635.30    43162.41      235.90      290.00
    59633.50    43163.84      245.63      300.00
    59631.80    43165.36      255.37      310.00
    59630.05    43167.07      265.06      320.00
    59628.10    43169.01      274.67      330.00
    59625.92    43171.18      284.19      340.00
    59623.58    43173.51      293.63      350.00
    59622.09    43174.96      299.26      356.00
    59618.39    43178.52      312.28      370.00
    59615.53    43181.17      321.49      380.00
    59612.39    43183.84      330.60      390.00
    59608.96    43186.51      339.61      400.00
    59605.37    43189.20      348.55      410.00
    59603.19    43190.83      353.89      416.00
    59598.12    43194.70      366.35      430.00
    59594.56    43197.48      375.28      440.00
    59590.99    43200.25      384.20      450.00
    59587.42    43203.02      393.12      460.00
    59583.92    43205.84      402.05      470.00
    59581.85    43207.57      407.41      476.00
    59577.18    43211.47      420.02      490.00
    59573.93    43214.13      429.09      500.00
    59570.71    43216.73      438.20      510.00
    59567.49    43219.32      447.30      520.00
    59564.24    43221.99      456.38      530.00
    59561.56    43224.19      463.58      538.00
    59557.39    43227.61      474.31      550.00
    59553.84    43230.57      483.17      560.00
    59550.25    43233.58      492.01      570.00
    59546.71    43236.58      500.87      580.00
    59543.33    43239.55      509.80      590.00
    59540.06    43242.44      518.80      600.00
    59536.85    43245.16      527.87      610.00
    59533.72    43247.73      537.01      620.00
    59530.67    43250.15      546.22      630.00
    59527.65    43252.45      555.47      640.00
    59524.59    43254.70      564.72      650.00
    59522.08    43256.49      572.10      658.00
    59518.22    43259.02      583.18      670.00
    59514.97    43261.01      592.43      680.00
    59511.69    43263.01      601.66      690.00
    59508.39    43265.09      610.87      700.00
    59506.08    43266.62      617.30      707.00
    59502.46    43269.18      627.36      718.00
    59498.55    43272.28      638.27      730.00
    59495.21    43275.12      647.27      740.00
    59491.83    43278.09      656.20      750.00
    59490.15    43279.62      660.65      755.00
    59488.46    43281.16      665.09      760.00
    59486.78    43282.67      669.55      765.00
    59485.11    43284.17      674.02      770.00
    59483.44    43285.64      678.50      775.00
    59481.78    43287.10      682.99      780.00
    59480.13    43288.56      687.47      785.00
    59478.48    43289.98      691.98      790.00
    59475.27    43292.71      701.05      800.00
    59472.17    43295.25      710.21      810.00
    59469.19    43297.61      719.46      820.00
    59466.22    43299.87      728.73      830.00
    59463.19    43302.11      737.99      840.00
    59460.12    43304.29      747.26      850.00
    59457.00    43306.42      756.52      860.00
    59453.86    43308.57      765.77      870.00
    59450.74    43310.74      775.02      880.00
    59447.59    43312.89      784.26      890.00
    59444.41    43315.03      793.50      900.00
    59441.24    43317.20      802.73      910.00
    59438.10    43319.38      811.97      920.00
    59434.97    43321.56      821.21      930.00
    59431.86    43323.77      830.46      940.00
    59428.74    43325.94      839.71      950.00
    59425.60    43328.05      848.96      960.00
    59422.49    43330.18      858.23      970.00
    59419.38    43332.30      867.49      980.00
    59416.26    43334.39      876.76      990.00
    59413.16    43336.52      886.02     1000.00
    59410.06    43338.67      895.29     1010.00
    59406.97    43340.83      904.55     1020.00
    59403.86    43342.99      913.80     1030.00
    59400.74    43345.16      923.05     1040.00
    59397.65    43347.32      932.31     1050.00
    59394.54    43349.52      941.56     1060.00
    59391.43    43351.78      950.79     1070.00
    59388.31    43353.99      960.03     1080.00
    59385.19    43356.16      969.28     1090.00
    59382.10    43358.31      978.55     1100.00
    59379.05    43360.44      987.83     1110.00
    59376.00    43362.52      997.12     1120.00
    59369.90    43366.62     1015.72     1140.00
    59366.84    43368.67     1025.02     1150.00
    59363.79    43370.71     1034.32     1160.00
    59360.77    43372.78     1043.63     1170.00
    59357.75    43374.85     1052.93     1180.00
    59354.70    43376.85     1062.24     1190.00
    59351.65    43378.82     1071.56     1200.00
    59348.61    43380.79     1080.88     1210.00
    59345.58    43382.67     1090.23     1220.00
    59342.55    43384.52     1099.57     1230.00
    59339.52    43386.40     1108.92     1240.00
    59336.48    43388.21     1118.27     1250.00
    59333.43    43389.96     1127.63     1260.00
    59330.40    43391.71     1137.00     1270.00
    59327.38    43393.44     1146.37     1280.00
    59324.38    43395.16     1155.76     1290.00
    59321.35    43396.90     1165.13     1300.00
    59318.34    43398.66     1174.50     1310.00
    59315.34    43400.42     1183.87     1320.00
    59312.32    43402.12     1193.26     1330.00
    59309.29    43403.76     1202.64     1340.00
    59306.25    43405.43     1212.02     1350.00
    59303.23    43407.17     1221.40     1360.00
    59300.23    43408.85     1230.78     1370.00
    59297.22    43410.45     1240.19     1380.00
    59294.17    43412.02     1249.58     1390.00
    59291.07    43413.66     1258.94     1400.00
    59287.85    43415.40     1268.25     1410.00
    59284.51    43417.20     1277.50     1420.00
    59281.13    43419.06     1286.73     1430.00
    59277.79    43420.98     1295.96     1440.00
    59274.45    43422.90     1305.18     1450.00
    59271.14    43424.84     1314.42     1460.00
    59267.90    43426.77     1323.68     1470.00
    59264.65    43428.68     1332.95     1480.00
    59261.43    43430.53     1342.23     1490.00
    59258.23    43432.40     1351.52     1500.00
    59255.09    43434.24     1360.83     1510.00
    59252.01    43435.94     1370.19     1520.00
    59248.97    43437.51     1379.59     1530.00
    59245.90    43439.03     1388.98     1540.00
    59242.77    43440.48     1398.37     1550.00
    59239.67    43441.85     1407.78     1560.00
    59236.73    43443.16     1417.24     1570.00
    59233.94    43444.33     1426.78     1580.00
    59231.26    43445.41     1436.35     1590.00
    59228.62    43446.46     1445.94     1600.00
    59226.04    43447.58     1455.53     1610.00
    59223.59    43448.76     1465.16     1620.00
    59221.36    43449.99     1474.83     1630.00
    59219.31    43451.22     1484.54     1640.00
    59217.42    43452.42     1494.28     1650.00
    59215.76    43453.56     1504.08     1660.00
    59214.32    43454.61     1513.92     1670.00
    59213.10    43455.67     1523.79     1680.00
    59212.06    43456.76     1533.67     1690.00
    59211.16    43457.87     1543.57     1700.00
    59210.36    43458.94     1553.48     1710.00
    59209.68    43459.94     1563.41     1720.00
    59209.14    43460.92     1573.34     1730.00
    59208.78    43461.87     1583.29     1740.00
    59208.50    43462.82     1593.24     1750.00
    59208.22    43463.74     1603.20     1760.00
    59207.98    43464.55     1613.16     1770.00
    59207.77    43465.22     1623.14     1780.00
    59207.55    43465.84     1633.12     1790.00
    59207.27    43466.45     1643.09     1800.00
    59206.92    43467.09     1653.07     1810.00
    59206.51    43467.76     1663.04     1820.00
    59206.01    43468.56     1672.99     1830.00
    59205.45    43469.50     1682.93     1840.00
    59204.84    43470.54     1692.86     1850.00
    59204.17    43471.75     1702.76     1860.00
    59203.42    43473.09     1712.64     1870.00
    59202.61    43474.55     1722.50     1880.00
    59201.74    43476.10     1732.34     1890.00
    59200.80    43477.76     1742.16     1900.00
    59199.77    43479.54     1751.95     1910.00
    59198.64    43481.48     1761.69     1920.00
    59197.42    43483.58     1771.39     1930.00
    59196.08    43485.84     1781.04     1940.00
    59194.61    43488.23     1790.64     1950.00
    59193.05    43490.70     1800.20     1960.00
    59191.43    43493.34     1809.71     1970.00
    59189.74    43496.19     1819.15     1980.00
    59188.01    43499.18     1828.53     1990.00
    59186.26    43502.31     1837.86     2000.00
    59184.50    43505.60     1847.14     2010.00
    59182.74    43509.10     1856.34     2020.00
    59181.02    43512.94     1865.42     2030.00
    59179.25    43516.99     1874.39     2040.00
    59177.34    43521.06     1883.32     2050.00
    59175.32    43525.18     1892.20     2060.00
    59173.23    43529.44     1901.00     2070.00
    59171.04    43533.80     1909.74     2080.00
    59168.81    43538.25     1918.40     2090.00
    59166.66    43542.83     1927.03     2100.00
    59162.77    43551.92     1944.42     2120.00
    59159.52    43560.56     1962.16     2140.00
    59157.24    43568.69     1980.29     2160.00
    59155.48    43576.86     1998.46     2180.00
    59153.23    43585.49     2016.36     2200.00
    59150.50    43594.35     2034.08     2220.00
    59147.69    43603.45     2051.67     2240.00
    59144.83    43612.45     2069.30     2260.00
    59141.93    43621.06     2087.12     2280.00
    59139.05    43629.36     2105.09     2300.00
    59136.18    43637.39     2123.17     2320.00
    59133.24    43645.42     2141.26     2340.00
    59130.13    43653.66     2159.21     2360.00
    59126.76    43662.37     2176.90     2380.00
    59123.38    43671.12     2194.56     2400.00
    59120.31    43679.73     2212.35     2420.00
    59117.33    43688.31     2230.17     2440.00
    59114.15    43696.75     2248.02     2460.00
    59110.67    43705.30     2265.76     2480.00
    59106.97    43714.17     2283.30     2500.00
    59103.51    43723.37     2300.72     2520.00
    59100.59    43732.54     2318.25     2540.00
    59098.08    43741.50     2335.96     2560.00
    59095.80    43750.56     2353.64     2580.00
    59093.44    43759.60     2371.32     2600.00
    59090.80    43768.41     2389.08     2620.00
    59088.35    43777.16     2406.90     2640.00
    59086.11    43785.75     2424.82     2660.00
    59083.87    43794.04     2442.88     2680.00
    59081.57    43801.97     2461.10     2700.00
    59079.25    43809.51     2479.48     2720.00
    59076.98    43816.64     2498.02     2740.00
    59074.70    43823.39     2516.71     2760.00
    59072.53    43829.64     2535.59     2780.00
    59070.48    43835.40     2554.63     2800.00
    59068.47    43840.74     2573.80     2820.00
    59066.64    43845.73     2593.08     2840.00
    59064.92    43850.42     2612.44     2860.00
    59063.32    43854.79     2631.90     2880.00
    59061.67    43858.95     2651.39     2900.00
    59059.75    43863.04     2670.87     2920.00
    59057.80    43866.92     2690.40     2940.00
    59055.93    43870.65     2709.96     2960.00
    59054.08    43874.34     2729.53     2980.00
    59052.19    43877.86     2749.12     3000.00
    59050.23    43881.17     2768.75     3020.00
    59048.22    43884.31     2788.40     3040.00
    59046.27    43887.31     2808.08     3060.00
    59044.50    43890.07     2827.80     3080.00
    59042.92    43892.57     2847.58     3100.00
    59041.46    43894.90     2867.39     3120.00
    59040.09    43897.17     2887.22     3140.00
    59038.96    43899.37     2907.06     3160.00
    59038.02    43901.51     2926.93     3180.00
    59037.14    43903.54     2946.81     3200.00
    59036.38    43905.45     2966.70     3220.00
    59035.70    43907.26     2986.60     3240.00
