#  X  Y  TVDSS  MD
Name   1079Ë
    61137.50    48138.20      -52.96        0.00
    61137.51    48138.20      -42.95       10.00
    61137.53    48138.17      -32.94       20.00
    61137.53    48138.10      -22.93       30.00
    61137.57    48138.00      -12.91       40.00
    61137.63    48137.91       -2.90       50.00
    61137.70    48137.82        7.11       60.00
    61137.79    48137.75       17.12       70.00
    61137.88    48137.68       27.13       80.00
    61137.97    48137.62       37.14       90.00
    61138.07    48137.56       47.15      100.00
    61138.16    48137.49       57.15      110.00
    61138.25    48137.41       67.17      120.00
    61138.34    48137.31       77.18      130.00
    61138.45    48137.17       87.19      140.00
    61138.60    48137.00       97.20      150.00
    61138.81    48136.72      107.20      160.00
    61139.06    48136.28      117.20      170.00
    61139.29    48135.61      127.18      180.00
    61139.42    48134.67      137.16      190.00
    61139.45    48133.54      147.11      200.00
    61139.41    48132.27      157.03      210.00
    61139.31    48130.85      166.94      220.00
    61139.14    48129.23      176.82      230.00
    61138.90    48127.41      186.66      240.00
    61138.61    48125.40      196.46      250.00
    61138.33    48123.18      206.22      260.00
    61138.10    48120.77      215.94      270.00
    61137.91    48118.25      225.63      280.00
    61137.73    48115.69      235.30      290.00
    61137.58    48113.08      244.96      300.00
    61137.53    48110.38      254.60      310.00
    61137.64    48107.57      264.21      320.00
    61137.89    48104.63      273.77      330.00
    61138.20    48101.60      283.32      340.00
    61138.54    48098.52      292.83      350.00
    61138.87    48095.31      302.31      360.00
    61139.16    48091.94      311.73      370.00
    61139.40    48088.39      321.09      380.00
    61139.67    48084.66      330.37      390.00
    61140.01    48080.76      339.58      400.00
    61140.47    48076.70      348.72      410.00
    61141.05    48072.51      357.80      420.00
    61141.76    48068.20      366.81      430.00
    61142.57    48063.77      375.74      440.00
    61143.48    48059.22      384.61      450.00
    61144.44    48054.61      393.44      460.00
    61145.41    48050.02      402.29      470.00
    61146.37    48045.48      411.15      480.00
    61147.33    48041.00      420.06      490.00
    61148.28    48036.60      429.01      500.00
    61149.22    48032.26      437.97      510.00
    61150.13    48027.86      446.92      520.00
    61151.04    48023.35      455.80      530.00
    61151.94    48018.69      464.62      540.00
    61152.74    48013.96      473.40      550.00
    61153.43    48009.19      482.19      560.00
    61154.02    48004.40      490.95      570.00
    61154.50    47999.58      499.71      580.00
    61154.91    47994.73      508.46      590.00
    61155.34    47989.87      517.20      600.00
    61155.80    47984.99      525.92      610.00
    61156.26    47980.12      534.65      620.00
    61156.76    47975.29      543.41      630.00
    61157.31    47970.57      552.22      640.00
    61157.90    47965.95      561.08      650.00
    61158.52    47961.41      569.98      660.00
    61159.20    47956.90      578.89      670.00
    61160.02    47952.43      587.81      680.00
    61160.93    47947.96      596.72      690.00
    61161.85    47943.45      605.60      700.00
    61162.75    47938.87      614.47      710.00
    61163.66    47934.25      623.30      720.00
    61164.66    47929.64      632.13      730.00
    61165.75    47925.08      640.97      740.00
    61166.93    47920.53      649.81      750.00
    61168.22    47915.95      658.62      760.00
    61169.56    47911.30      667.37      770.00
    61170.88    47906.55      676.08      780.00
    61172.16    47901.74      684.78      790.00
    61173.38    47896.94      693.47      800.00
    61174.54    47892.20      702.21      810.00
    61175.66    47887.54      711.00      820.00
    61176.77    47882.90      719.80      830.00
    61177.88    47878.16      728.55      840.00
    61178.99    47873.26      737.20      850.00
    61180.10    47868.21      745.78      860.00
    61181.23    47863.09      754.30      870.00
    61182.37    47857.92      762.80      880.00
    61183.53    47852.71      771.27      890.00
    61184.73    47847.45      779.70      900.00
    61185.96    47842.13      788.09      910.00
    61187.19    47836.74      796.43      920.00
    61188.45    47831.25      804.70      930.00
    61189.74    47825.63      812.89      940.00
    61191.06    47819.89      820.98      950.00
    61192.40    47814.06      829.00      960.00
    61193.71    47808.13      836.96      970.00
    61194.97    47802.12      844.86      980.00
    61196.19    47796.06      852.73      990.00
    61197.40    47789.99      860.59     1000.00
    61198.60    47783.98      868.52     1010.00
    61199.84    47778.07      876.50     1020.00
    61201.15    47772.23      884.52     1030.00
    61202.50    47766.40      892.54     1040.00
    61203.89    47760.54      900.53     1050.00
    61205.29    47754.65      908.50     1060.00
    61206.72    47748.71      916.43     1070.00
    61208.17    47742.69      924.29     1080.00
    61209.65    47736.58      932.09     1090.00
    61211.13    47730.38      939.80     1100.00
    61212.58    47724.15      947.50     1110.00
    61214.01    47717.92      955.20     1120.00
    61215.42    47711.70      962.92     1130.00
    61216.82    47705.49      970.64     1140.00
    61218.19    47699.26      978.35     1150.00
    61219.52    47692.98      986.04     1160.00
    61220.81    47686.65      993.68     1170.00
    61222.06    47680.26     1001.28     1180.00
    61223.29    47673.81     1008.83     1190.00
    61224.52    47667.28     1016.31     1200.00
    61225.76    47660.71     1023.76     1210.00
    61226.99    47654.11     1031.18     1220.00
    61228.22    47647.53     1038.62     1230.00
    61229.43    47641.04     1046.15     1240.00
    61230.66    47634.69     1053.79     1250.00
    61231.92    47628.39     1061.46     1260.00
    61233.20    47622.07     1069.11     1270.00
    61234.51    47615.71     1076.73     1280.00
    61235.88    47609.32     1084.30     1290.00
    61237.29    47602.90     1091.85     1300.00
    61238.73    47596.49     1099.42     1310.00
    61240.18    47590.10     1106.98     1320.00
    61241.62    47583.69     1114.52     1330.00
    61243.04    47577.25     1122.05     1340.00
    61244.44    47570.82     1129.59     1350.00
    61245.88    47564.43     1137.16     1360.00
    61247.39    47558.10     1144.76     1370.00
    61248.97    47551.79     1152.36     1380.00
    61250.60    47545.45     1159.95     1390.00
    61252.27    47539.10     1167.50     1400.00
    61254.00    47532.78     1175.06     1410.00
    61255.77    47526.48     1182.63     1420.00
    61257.57    47520.20     1190.22     1430.00
    61259.34    47513.94     1197.82     1440.00
    61261.10    47507.68     1205.43     1450.00
    61262.86    47501.40     1213.03     1460.00
    61264.65    47495.11     1220.60     1470.00
    61266.44    47488.80     1228.16     1480.00
    61268.16    47482.48     1235.73     1490.00
    61269.83    47476.15     1243.30     1500.00
    61271.50    47469.80     1250.85     1510.00
    61273.18    47463.45     1258.40     1520.00
    61274.87    47457.07     1265.93     1530.00
    61276.49    47450.68     1273.46     1540.00
    61277.97    47444.34     1281.07     1550.00
    61279.33    47438.09     1288.76     1560.00
    61280.63    47431.92     1296.53     1570.00
    61281.94    47425.79     1304.33     1580.00
    61283.23    47419.68     1312.15     1590.00
    61284.50    47413.56     1319.97     1600.00
    61285.75    47407.45     1327.81     1610.00
    61286.99    47401.33     1335.63     1620.00
    61288.22    47395.19     1343.44     1630.00
    61289.50    47389.02     1351.21     1640.00
    61290.78    47382.83     1358.97     1650.00
    61292.09    47376.62     1366.71     1660.00
    61293.42    47370.38     1374.42     1670.00
    61294.77    47364.14     1382.13     1680.00
    61296.11    47357.88     1389.82     1690.00
    61297.46    47351.61     1397.50     1700.00
    61298.80    47345.30     1405.16     1710.00
    61300.12    47338.96     1412.79     1720.00
    61301.42    47332.56     1420.37     1730.00
    61302.66    47326.11     1427.92     1740.00
    61303.87    47319.58     1435.41     1750.00
    61305.05    47313.01     1442.87     1760.00
    61306.19    47306.43     1450.33     1770.00
    61307.21    47299.95     1457.88     1780.00
    61308.11    47293.59     1465.56     1790.00
    61308.95    47287.31     1473.31     1800.00
    61309.76    47281.05     1481.07     1810.00
    61310.54    47274.77     1488.82     1820.00
    61311.31    47268.46     1496.56     1830.00
    61312.04    47262.09     1504.24     1840.00
    61312.72    47255.68     1511.90     1850.00
    61313.36    47249.25     1519.54     1860.00
    61314.02    47242.88     1527.23     1870.00
    61314.72    47236.60     1535.00     1880.00
    61315.48    47230.39     1542.81     1890.00
    61316.27    47224.21     1550.64     1900.00
    61317.07    47218.05     1558.49     1910.00
    61317.90    47211.93     1566.37     1920.00
    61318.75    47205.87     1574.29     1930.00
    61319.58    47199.86     1582.25     1940.00
    61320.42    47193.86     1590.21     1950.00
    61321.27    47187.84     1598.16     1960.00
    61322.12    47181.78     1606.08     1970.00
    61322.97    47175.69     1613.99     1980.00
    61323.90    47169.61     1621.89     1990.00
    61324.92    47163.53     1629.77     2000.00
    61325.97    47157.42     1637.63     2010.00
    61327.04    47151.36     1645.52     2020.00
    61328.16    47145.40     1653.48     2030.00
    61329.30    47139.51     1661.49     2040.00
    61330.44    47133.66     1669.53     2050.00
    61331.59    47127.81     1677.58     2060.00
    61332.76    47121.96     1685.62     2070.00
    61333.95    47116.13     1693.66     2080.00
    61335.13    47110.29     1701.70     2090.00
    61336.33    47104.46     1709.74     2100.00
    61337.56    47098.61     1717.77     2110.00
    61338.82    47092.75     1725.79     2120.00
    61340.07    47086.93     1733.85     2130.00
    61341.29    47081.16     1741.93     2140.00
    61342.51    47075.41     1750.03     2150.00
    61343.73    47069.70     1758.16     2160.00
    61344.92    47064.15     1766.40     2170.00
    61346.10    47058.74     1774.73     2180.00
    61347.27    47053.38     1783.11     2190.00
    61348.44    47048.04     1791.49     2200.00
    61349.60    47042.71     1799.89     2210.00
    61350.73    47037.36     1808.27     2220.00
    61351.83    47031.98     1816.64     2230.00
    61352.89    47026.61     1825.02     2240.00
    61353.88    47021.30     1833.45     2250.00
    61354.80    47016.09     1841.94     2260.00
    61355.68    47010.94     1850.48     2270.00
    61356.54    47005.81     1859.04     2280.00
    61357.38    47000.69     1867.60     2290.00
    61358.19    46995.56     1876.16     2300.00
    61358.97    46990.44     1884.72     2310.00
    61359.71    46985.32     1893.29     2320.00
    61360.40    46980.25     1901.89     2330.00
    61361.05    46975.23     1910.53     2340.00
    61361.70    46970.33     1919.24     2350.00
    61362.32    46965.52     1927.99     2360.00
    61362.92    46960.74     1936.76     2370.00
    61363.47    46956.00     1945.56     2380.00
    61364.02    46951.31     1954.39     2390.00
    61364.59    46946.69     1963.25     2400.00
    61365.18    46942.11     1972.13     2410.00
    61365.78    46937.50     1980.99     2420.00
    61366.36    46932.86     1989.85     2430.00
    61366.95    46928.22     1998.70     2440.00
    61367.59    46923.67     2007.59     2450.00
    61368.32    46919.23     2016.53     2460.00
    61369.15    46914.87     2025.50     2470.00
    61370.07    46910.50     2034.46     2480.00
    61371.01    46906.11     2043.41     2490.00
    61371.96    46901.73     2052.37     2500.00
    61372.91    46897.45     2061.36     2510.00
    61373.87    46893.27     2070.41     2520.00
    61374.81    46889.17     2079.49     2530.00
    61375.70    46885.16     2088.62     2540.00
    61376.57    46881.26     2097.79     2550.00
    61377.43    46877.49     2107.03     2560.00
    61378.28    46873.89     2116.33     2570.00
    61379.12    46870.38     2125.67     2580.00
    61379.98    46866.89     2135.01     2590.00
    61380.84    46863.39     2144.35     2600.00
    61381.71    46859.88     2153.68     2610.00
    61382.56    46856.45     2163.05     2620.00
    61383.38    46853.16     2172.47     2630.00
    61384.17    46849.99     2181.93     2640.00
    61384.92    46846.92     2191.43     2650.00
    61385.50    46844.48     2199.03     2658.00
    61385.67    46843.89     2200.95     2660.00
    61387.57    46838.23     2220.05     2680.00
    61389.37    46833.04     2239.31     2700.00
    61391.06    46828.18     2258.65     2720.00
    61392.77    46823.40     2278.03     2740.00
    61394.52    46818.61     2297.39     2760.00
    61396.30    46813.78     2316.73     2780.00
    61398.01    46808.97     2336.10     2800.00
    61399.69    46804.26     2355.48     2820.00
    61401.39    46799.75     2374.91     2840.00
    61403.13    46795.49     2394.40     2860.00
    61404.92    46791.38     2413.92     2880.00
    61406.77    46787.37     2433.45     2900.00
    61408.59    46783.47     2453.00     2920.00
    61410.38    46779.75     2472.59     2940.00
    61412.10    46776.25     2492.23     2960.00
    61413.76    46772.94     2511.91     2980.00
    61415.32    46769.88     2531.63     3000.00
    61416.04    46768.52     2541.52     3010.00
    61416.72    46767.25     2551.43     3020.00
    61417.37    46766.06     2561.35     3030.00
    61417.99    46764.94     2571.28     3040.00
    61418.58    46763.86     2581.22     3050.00
    61419.15    46762.84     2591.16     3060.00
    61419.71    46761.88     2601.11     3070.00
    61420.25    46760.95     2611.06     3080.00
    61420.78    46760.03     2621.01     3090.00
    61421.31    46759.12     2630.98     3100.00
    61421.82    46758.28     2640.94     3110.00
    61422.31    46757.51     2650.90     3120.00
    61422.78    46756.80     2660.88     3130.00
    61423.27    46756.08     2670.85     3140.00
    61423.80    46755.31     2680.82     3150.00
    61424.35    46754.55     2690.78     3160.00
    61424.85    46753.85     2700.76     3170.00
    61425.32    46753.19     2710.74     3180.00
    61425.80    46752.56     2720.72     3190.00
    61426.28    46751.95     2730.70     3200.00
    61426.74    46751.35     2740.68     3210.00
    61427.21    46750.75     2750.66     3220.00
    61427.67    46750.19     2760.60     3230.00
    61428.13    46749.64     2770.56     3240.00
    61428.58    46749.12     2780.54     3250.00
    61429.01    46748.65     2790.52     3260.00
    61429.43    46748.20     2800.50     3270.00
    61429.85    46747.76     2810.48     3280.00
    61430.26    46747.35     2820.46     3290.00
    61430.65    46746.96     2830.45     3300.00
    61430.98    46746.61     2840.44     3310.00
    61431.26    46746.33     2850.43     3320.00
    61431.49    46746.08     2860.42     3330.00
    61431.72    46745.85     2870.42     3340.00
    61431.93    46745.63     2880.41     3350.00
    61432.13    46745.43     2890.41     3360.00
    61432.31    46745.24     2900.41     3370.00
    61432.47    46745.08     2910.40     3380.00
    61432.61    46744.93     2920.40     3390.00
    61432.73    46744.81     2930.40     3400.00
    61432.85    46744.68     2940.40     3410.00
    61432.97    46744.57     2950.40     3420.00
    61433.06    46744.47     2960.40     3430.00
    61433.18    46744.35     2970.39     3440.00
    61433.28    46744.24     2980.39     3450.00
    61433.34    46744.18     2990.39     3460.00
