#  X  Y  TVDSS  MD
Name   1813
    59572.30    44393.90      -54.31        0.00
    59572.31    44393.93      -44.31       10.00
    59572.34    44393.99      -34.31       20.00
    59572.36    44394.03      -24.31       30.00
    59572.39    44394.07      -14.31       40.00
    59572.42    44394.12       -4.31       50.00
    59572.50    44394.20        5.69       60.00
    59572.63    44394.32       15.69       70.00
    59572.75    44394.54       25.68       80.00
    59572.80    44394.82       35.68       90.00
    59572.74    44395.20       45.67      100.00
    59572.51    44395.70       55.66      110.00
    59572.11    44396.28       65.63      120.00
    59571.59    44396.87       75.60      130.00
    59571.00    44397.43       85.57      140.00
    59570.33    44398.01       95.53      150.00
    59569.61    44398.59      105.49      160.00
    59568.88    44399.16      115.44      170.00
    59568.14    44399.72      125.40      180.00
    59567.34    44400.28      135.35      190.00
    59566.50    44400.88      145.30      200.00
    59565.69    44401.53      155.25      210.00
    59564.91    44402.19      165.19      220.00
    59564.14    44402.84      175.14      230.00
    59563.33    44403.50      185.09      240.00
    59562.45    44404.20      195.02      250.00
    59561.51    44404.98      204.95      260.00
    59560.50    44405.81      214.86      270.00
    59559.46    44406.64      224.77      280.00
    59558.39    44407.46      234.68      290.00
    59557.28    44408.30      244.59      300.00
    59556.15    44409.13      254.49      310.00
    59555.06    44410.00      264.39      320.00
    59554.05    44410.96      274.29      330.00
    59553.10    44412.03      284.19      340.00
    59552.18    44413.16      294.08      350.00
    59551.29    44414.27      303.98      360.00
    59550.43    44415.38      313.88      370.00
    59549.58    44416.54      323.78      380.00
    59548.69    44417.73      333.67      390.00
    59547.76    44418.86      343.56      400.00
    59546.76    44419.89      353.46      410.00
    59545.69    44420.91      363.34      420.00
    59544.51    44422.03      373.21      430.00
    59543.22    44423.24      383.05      440.00
    59541.84    44424.43      392.89      450.00
    59540.40    44425.55      402.72      460.00
    59538.93    44426.60      412.55      470.00
    59537.42    44427.59      422.39      480.00
    59535.83    44428.54      432.22      490.00
    59534.14    44429.46      442.03      500.00
    59532.23    44430.39      451.80      510.00
    59530.06    44431.30      461.52      520.00
    59527.64    44432.12      471.19      530.00
    59524.92    44432.87      480.78      540.00
    59521.99    44433.58      490.32      550.00
    59518.96    44434.25      499.82      560.00
    59515.93    44434.87      509.33      570.00
    59512.94    44435.48      518.86      580.00
    59509.97    44436.04      528.39      590.00
    59507.00    44436.52      537.93      600.00
    59504.05    44436.95      547.47      610.00
    59501.13    44437.38      557.02      620.00
    59498.17    44437.87      566.56      630.00
    59495.15    44438.43      576.08      640.00
    59492.16    44439.05      585.60      650.00
    59489.18    44439.74      595.12      660.00
    59486.12    44440.52      604.61      670.00
    59482.93    44441.41      614.05      680.00
    59479.58    44442.48      623.41      690.00
    59476.14    44443.83      632.70      700.00
    59472.67    44445.38      641.95      710.00
    59469.17    44447.04      651.17      720.00
    59465.69    44448.83      660.37      730.00
    59462.25    44450.76      669.56      740.00
    59458.86    44452.81      678.75      750.00
    59455.45    44454.85      687.92      760.00
    59451.95    44456.78      697.09      770.00
    59448.39    44458.67      706.24      780.00
    59444.77    44460.57      715.37      790.00
    59441.11    44462.51      724.47      800.00
    59437.45    44464.52      733.55      810.00
    59433.80    44466.62      742.63      820.00
    59430.16    44468.79      751.68      830.00
    59426.51    44471.01      760.72      840.00
    59422.84    44473.29      769.74      850.00
    59419.19    44475.62      778.76      860.00
    59415.56    44478.02      787.76      870.00
    59411.97    44480.46      796.77      880.00
    59408.43    44482.93      805.79      890.00
    59404.90    44485.38      814.82      900.00
    59401.30    44487.76      823.84      910.00
    59397.61    44490.03      832.85      920.00
    59393.92    44492.24      841.88      930.00
    59390.28    44494.41      850.94      940.00
    59386.68    44496.50      860.03      950.00
    59383.10    44498.48      869.16      960.00
    59379.54    44500.33      878.31      970.00
    59375.99    44502.11      887.49      980.00
    59372.46    44503.86      896.68      990.00
    59368.90    44505.62      905.86     1000.00
    59365.24    44507.46      914.98     1010.00
    59361.49    44509.43      924.04     1020.00
    59357.69    44511.56      933.04     1030.00
    59353.91    44513.90      942.00     1040.00
    59350.13    44516.36      950.92     1050.00
    59346.30    44518.81      959.83     1060.00
    59342.43    44521.22      968.73     1070.00
    59338.52    44523.62      977.62     1080.00
    59334.59    44526.00      986.50     1090.00
    59330.64    44528.30      995.39     1100.00
    59326.66    44530.46     1004.31     1110.00
    59322.69    44532.55     1013.25     1120.00
    59318.75    44534.66     1022.19     1130.00
    59314.86    44536.86     1031.14     1140.00
    59311.04    44539.17     1040.09     1150.00
    59307.29    44541.62     1049.03     1160.00
    59303.62    44544.20     1057.97     1170.00
    59300.01    44546.96     1066.87     1180.00
    59296.45    44549.88     1075.75     1190.00
    59292.92    44552.82     1084.63     1200.00
    59289.40    44555.65     1093.56     1210.00
    59285.91    44558.33     1102.53     1220.00
    59282.43    44560.82     1111.57     1230.00
    59278.95    44563.10     1120.67     1240.00
    59275.44    44565.20     1129.79     1250.00
    59271.87    44567.13     1138.93     1260.00
    59268.25    44568.89     1148.08     1270.00
    59264.65    44570.52     1157.27     1280.00
    59261.07    44572.01     1166.49     1290.00
    59257.56    44573.43     1175.74     1300.00
    59254.15    44574.81     1185.04     1310.00
    59250.81    44576.17     1194.37     1320.00
    59247.46    44577.51     1203.70     1330.00
    59244.09    44578.82     1213.02     1340.00
    59240.72    44580.07     1222.35     1350.00
    59237.34    44581.21     1231.69     1360.00
    59233.97    44582.31     1241.04     1370.00
    59230.60    44583.52     1250.38     1380.00
    59227.23    44584.90     1259.69     1390.00
    59223.87    44586.47     1268.98     1400.00
    59220.48    44588.20     1278.23     1410.00
    59217.08    44590.04     1287.45     1420.00
    59213.62    44591.90     1296.65     1430.00
    59210.13    44593.73     1305.84     1440.00
    59206.62    44595.45     1315.04     1450.00
    59203.09    44597.03     1324.26     1460.00
    59199.57    44598.56     1333.50     1470.00
    59196.07    44600.13     1342.73     1480.00
    59192.60    44601.78     1351.97     1490.00
    59189.18    44603.56     1361.19     1500.00
    59185.82    44605.49     1370.41     1510.00
    59182.47    44607.51     1379.61     1520.00
    59179.07    44609.57     1388.79     1530.00
    59175.64    44611.68     1397.94     1540.00
    59172.18    44613.80     1407.08     1550.00
    59168.72    44615.92     1416.22     1560.00
    59165.25    44618.01     1425.36     1570.00
    59161.79    44620.03     1434.53     1580.00
    59158.31    44621.97     1443.70     1590.00
    59154.81    44623.85     1452.88     1600.00
    59151.29    44625.67     1462.06     1610.00
    59147.80    44627.41     1471.27     1620.00
    59144.38    44629.09     1480.51     1630.00
    59140.98    44630.70     1489.78     1640.00
    59137.54    44632.21     1499.04     1650.00
    59134.06    44633.64     1508.31     1660.00
    59130.58    44635.07     1517.57     1670.00
    59127.12    44636.54     1526.84     1680.00
    59123.69    44638.10     1536.10     1690.00
    59120.29    44639.79     1545.36     1700.00
    59116.93    44641.60     1554.60     1710.00
    59113.55    44643.51     1563.82     1720.00
    59110.16    44645.48     1573.01     1730.00
    59106.75    44647.43     1582.21     1740.00
    59103.34    44649.26     1591.43     1750.00
    59099.90    44651.00     1600.66     1760.00
    59096.42    44652.68     1609.88     1770.00
    59092.89    44654.32     1619.09     1780.00
    59089.28    44655.91     1628.28     1790.00
    59085.59    44657.45     1637.45     1800.00
    59081.89    44658.99     1646.61     1810.00
    59078.26    44660.58     1655.79     1820.00
    59074.71    44662.21     1664.99     1830.00
    59071.17    44663.77     1674.22     1840.00
    59067.60    44665.19     1683.45     1850.00
    59064.02    44666.56     1692.69     1860.00
    59060.46    44667.99     1701.92     1870.00
    59056.92    44669.51     1711.15     1880.00
    59053.35    44671.09     1720.35     1890.00
    59049.71    44672.73     1729.53     1900.00
    59046.07    44674.43     1738.68     1910.00
    59042.47    44676.23     1747.83     1920.00
    59038.94    44678.08     1757.01     1930.00
    59035.54    44679.93     1766.23     1940.00
    59032.31    44681.74     1775.52     1950.00
    59029.20    44683.57     1784.84     1960.00
    59026.15    44685.48     1794.17     1970.00
    59023.15    44687.45     1803.51     1980.00
    59020.16    44689.43     1812.84     1990.00
    59017.17    44691.40     1822.18     2000.00
    59014.15    44693.35     1831.51     2010.00
    59011.10    44695.25     1840.84     2020.00
    59007.99    44697.09     1850.17     2030.00
    59004.81    44698.81     1859.49     2040.00
    59001.56    44700.43     1868.81     2050.00
    58998.25    44702.00     1878.11     2060.00
    58994.89    44703.56     1887.40     2070.00
    58991.47    44705.14     1896.66     2080.00
    58987.96    44706.77     1905.88     2090.00
    58984.40    44708.47     1915.07     2100.00
    58980.85    44710.24     1924.25     2110.00
    58977.36    44712.11     1933.44     2120.00
    58973.92    44714.04     1942.62     2130.00
    58970.52    44716.01     1951.82     2140.00
    58967.12    44717.96     1961.02     2150.00
    58963.65    44719.76     1970.22     2160.00
    58960.08    44721.40     1979.42     2170.00
    58956.46    44723.01     1988.60     2180.00
    58952.82    44724.70     1997.76     2190.00
    58949.18    44726.43     2006.91     2200.00
    58945.51    44728.14     2016.06     2210.00
    58941.84    44729.83     2025.20     2220.00
    58938.18    44731.56     2034.35     2230.00
    58934.57    44733.37     2043.50     2240.00
    58930.98    44735.22     2052.65     2250.00
    58927.39    44737.06     2061.79     2260.00
    58923.78    44738.91     2070.94     2270.00
    58920.15    44740.76     2080.07     2280.00
    58916.50    44742.65     2089.19     2290.00
    58912.86    44744.55     2098.30     2300.00
    58909.24    44746.42     2107.43     2310.00
    58905.63    44748.26     2116.58     2320.00
    58901.98    44749.99     2125.72     2330.00
    58898.27    44751.61     2134.87     2340.00
    58894.63    44753.24     2144.04     2350.00
    58891.14    44755.00     2153.25     2360.00
    58887.74    44756.79     2162.48     2370.00
    58884.33    44758.48     2171.72     2380.00
    58880.90    44760.09     2180.98     2390.00
    58877.49    44761.72     2190.24     2400.00
    58874.12    44763.43     2199.50     2410.00
    58870.79    44765.17     2208.76     2420.00
    58867.39    44766.84     2218.02     2430.00
    58863.96    44768.42     2227.27     2440.00
    58860.55    44770.00     2236.54     2450.00
    58857.21    44771.65     2245.82     2460.00
    58853.88    44773.34     2255.10     2470.00
    58850.48    44774.94     2264.37     2480.00
    58847.07    44776.58     2273.63     2490.00
    58843.65    44778.29     2282.86     2500.00
    58840.16    44779.96     2292.08     2510.00
    58836.66    44781.60     2301.31     2520.00
    58833.21    44783.25     2310.55     2530.00
    58829.77    44784.85     2319.80     2540.00
    58826.34    44786.40     2329.06     2550.00
    58822.87    44787.93     2338.32     2560.00
    58819.39    44789.52     2347.56     2570.00
    58815.93    44791.16     2356.80     2580.00
    58812.50    44792.80     2366.04     2590.00
    58809.20    44794.39     2375.35     2600.00
    58806.14    44795.95     2384.74     2610.00
    58803.18    44797.54     2394.16     2620.00
    58800.20    44799.07     2403.58     2630.00
    58797.19    44800.52     2413.01     2640.00
    58794.15    44801.97     2422.42     2650.00
    58791.10    44803.44     2431.83     2660.00
    58788.00    44804.89     2441.23     2670.00
    58784.89    44806.33     2450.62     2680.00
    58781.84    44807.71     2460.05     2690.00
    58778.82    44808.96     2469.50     2700.00
    58775.84    44810.13     2478.97     2710.00
    58772.92    44811.36     2488.45     2720.00
    58770.05    44812.63     2497.95     2730.00
    58767.22    44813.75     2507.48     2740.00
    58764.48    44814.79     2517.04     2750.00
    58761.84    44815.78     2526.63     2760.00
    58759.23    44816.78     2536.23     2770.00
    58756.63    44817.88     2545.83     2780.00
    58754.06    44818.96     2555.43     2790.00
    58751.49    44820.01     2565.03     2800.00
    58748.87    44821.14     2574.62     2810.00
    58746.20    44822.32     2584.19     2820.00
    58743.54    44823.58     2593.74     2830.00
    58740.92    44824.82     2603.31     2840.00
    58738.35    44825.94     2612.91     2850.00
    58735.84    44827.03     2622.53     2860.00
    58733.36    44828.11     2632.16     2870.00
    58730.90    44829.26     2641.78     2880.00
    58728.44    44830.42     2651.40     2890.00
    58725.81    44831.59     2660.98     2900.00
    58723.01    44832.87     2670.50     2910.00
    58720.21    44834.19     2680.00     2920.00
    58717.41    44835.44     2689.52     2930.00
    58714.65    44836.62     2699.06     2940.00
    58711.93    44837.77     2708.62     2950.00
    58709.23    44838.97     2718.17     2960.00
    58706.52    44840.23     2727.71     2970.00
    58703.83    44841.51     2737.26     2980.00
    58701.20    44842.77     2746.82     2990.00
    58698.67    44843.95     2756.43     3000.00
    58696.25    44845.15     2766.05     3010.00
    58693.85    44846.42     2775.68     3020.00
    58691.39    44847.70     2785.28     3030.00
    58688.89    44848.96     2794.88     3040.00
    58686.41    44850.20     2804.49     3050.00
    58683.95    44851.37     2814.12     3060.00
    58681.60    44852.42     2823.78     3070.00
    58679.34    44853.42     2833.47     3080.00
    58677.17    44854.42     2843.18     3090.00
    58675.06    44855.45     2852.90     3100.00
    58672.96    44856.48     2862.62     3110.00
    58670.92    44857.44     2872.36     3120.00
    58668.94    44858.42     2882.12     3130.00
    58666.99    44859.32     2891.89     3140.00
    58665.09    44860.17     2901.66     3150.00
    58663.26    44861.01     2911.46     3160.00
    58661.51    44861.80     2921.27     3170.00
    58659.80    44862.55     2931.10     3180.00
    58658.10    44863.27     2940.93     3190.00
    58656.47    44864.03     2950.76     3200.00
    58654.85    44864.81     2960.60     3210.00
    58653.24    44865.60     2970.44     3220.00
    58651.65    44866.43     2980.28     3230.00
    58650.08    44867.32     2990.11     3240.00
    58648.39    44868.15     2999.93     3250.00
