#  X  Y  TVDSS  MD
Name   25ะห
    61886.40    42681.80      -50.70        0.00
    61886.37    42681.82      -40.70       10.00
    61886.28    42681.81      -30.70       20.00
    61886.16    42681.84      -20.70       30.00
    61886.04    42681.86      -10.70       40.00
    61885.90    42681.89       -0.70       50.00
    61885.77    42681.91        9.30       60.00
    61885.64    42681.93       19.30       70.00
    61885.51    42681.97       29.29       80.00
    61885.38    42682.01       39.29       90.00
    61885.24    42682.09       49.29      100.00
    61885.08    42682.19       59.29      110.00
    61884.89    42682.29       69.29      120.00
    61884.70    42682.42       79.29      130.00
    61884.49    42682.56       89.28      140.00
    61884.26    42682.70       99.28      150.00
    61884.04    42682.82      109.28      160.00
    61883.83    42682.94      119.27      170.00
    61883.62    42683.06      129.27      180.00
    61883.42    42683.18      139.27      190.00
    61883.23    42683.29      149.26      200.00
    61883.08    42683.39      159.26      210.00
    61882.95    42683.50      169.26      220.00
    61882.84    42683.60      179.26      230.00
    61882.74    42683.73      189.26      240.00
    61882.65    42683.85      199.26      250.00
    61882.53    42683.98      209.26      260.00
    61882.38    42684.09      219.25      270.00
    61882.21    42684.16      229.25      280.00
    61882.02    42684.19      239.25      290.00
    61881.93    42684.31      248.25      299.00
    61881.94    42684.33      249.25      300.00
    61881.80    42684.44      259.25      310.00
    61881.60    42684.34      269.25      320.00
    61881.39    42684.21      279.24      330.00
    61881.19    42684.05      289.24      340.00
    61881.00    42683.87      299.24      350.00
    61880.82    42683.68      309.23      360.00
    61880.65    42683.48      319.23      370.00
    61880.45    42683.26      329.22      380.00
    61880.25    42683.05      339.22      390.00
    61880.04    42682.85      349.22      400.00
    61879.81    42682.65      359.21      410.00
    61879.57    42682.47      369.21      420.00
    61879.35    42682.28      379.20      430.00
    61879.12    42682.07      389.20      440.00
    61878.87    42681.86      399.19      450.00
    61878.61    42681.67      409.19      460.00
    61878.34    42681.48      419.18      470.00
    61878.13    42681.32      429.18      480.00
    61877.98    42681.20      439.18      490.00
    61877.84    42681.08      449.17      500.00
    61877.71    42680.93      459.17      510.00
    61877.54    42680.75      469.17      520.00
    61877.35    42680.58      479.17      530.00
    61877.20    42680.41      489.16      540.00
    61877.04    42680.24      499.16      550.00
    61876.90    42680.11      509.16      560.00
    61876.76    42679.95      519.16      570.00
    61876.60    42679.75      529.15      580.00
    61876.47    42679.62      539.15      590.00
    61876.38    42679.53      549.15      600.00
    61876.28    42679.45      559.15      610.00
    61876.21    42679.37      569.15      620.00
    61876.15    42679.33      579.15      630.00
    61876.08    42679.29      589.15      640.00
    61876.02    42679.22      599.15      650.00
    61875.96    42679.13      609.15      660.00
    61875.89    42679.06      619.15      670.00
    61875.82    42679.00      629.15      680.00
    61875.75    42678.93      639.15      690.00
    61875.70    42678.86      649.15      700.00
    61875.65    42678.77      659.15      710.00
    61875.60    42678.69      669.15      720.00
    61875.55    42678.63      679.15      730.00
    61875.50    42678.55      689.14      740.00
    61875.45    42678.43      699.14      750.00
    61875.42    42678.27      709.14      760.00
    61875.42    42678.11      719.14      770.00
    61875.42    42677.94      729.14      780.00
    61875.42    42677.75      739.14      790.00
    61875.46    42677.51      749.14      800.00
    61875.53    42677.28      759.13      810.00
    61875.60    42677.03      769.13      820.00
    61875.69    42676.79      779.13      830.00
    61875.78    42676.56      789.12      840.00
    61875.86    42676.33      799.12      850.00
    61875.95    42676.12      809.12      860.00
    61876.04    42675.90      819.11      870.00
    61876.12    42675.64      829.11      880.00
    61876.19    42675.39      839.11      890.00
    61876.26    42675.17      849.10      900.00
    61876.33    42674.98      859.10      910.00
    61876.39    42674.78      869.10      920.00
    61876.45    42674.57      879.10      930.00
    61876.52    42674.37      889.10      940.00
    61876.58    42674.17      899.09      950.00
    61876.65    42674.00      909.09      960.00
    61876.72    42673.89      919.09      970.00
    61876.79    42673.77      929.09      980.00
    61876.85    42673.63      939.09      990.00
    61876.89    42673.51      949.09     1000.00
    61876.91    42673.38      959.09     1010.00
    61876.95    42673.22      969.09     1020.00
    61877.01    42673.05      979.08     1030.00
    61877.08    42672.90      989.08     1040.00
    61877.18    42672.76      999.08     1050.00
    61877.28    42672.63     1009.08     1060.00
    61877.39    42672.50     1019.08     1070.00
    61877.49    42672.35     1029.08     1080.00
    61877.63    42672.21     1039.07     1090.00
    61877.78    42672.09     1049.07     1100.00
    61877.92    42671.97     1059.07     1110.00
    61878.08    42671.85     1069.07     1120.00
    61878.24    42671.72     1079.07     1130.00
    61878.42    42671.58     1089.06     1140.00
    61878.60    42671.47     1099.06     1150.00
    61878.79    42671.37     1109.06     1160.00
    61878.95    42671.26     1119.06     1170.00
    61879.10    42671.14     1129.06     1180.00
    61879.27    42670.99     1139.05     1190.00
    61879.43    42670.85     1149.05     1200.00
    61879.62    42670.77     1159.05     1210.00
    61879.83    42670.71     1169.05     1220.00
    61880.03    42670.64     1179.04     1230.00
    61880.24    42670.55     1189.04     1240.00
    61880.47    42670.43     1199.04     1250.00
    61880.68    42670.29     1209.04     1260.00
    61880.89    42670.11     1219.03     1270.00
    61881.15    42669.93     1229.03     1280.00
    61881.44    42669.80     1239.02     1290.00
    61881.71    42669.64     1249.02     1300.00
    61881.94    42669.47     1259.01     1310.00
    61882.15    42669.27     1269.01     1320.00
    61882.35    42669.08     1279.00     1330.00
    61882.57    42668.90     1289.00     1340.00
    61882.79    42668.74     1299.00     1350.00
    61882.99    42668.59     1308.99     1360.00
    61883.21    42668.43     1318.99     1370.00
    61883.39    42668.26     1328.99     1380.00
    61883.56    42668.10     1338.98     1390.00
    61883.75    42667.94     1348.98     1400.00
    61883.94    42667.78     1358.98     1410.00
    61884.16    42667.62     1368.97     1420.00
    61884.41    42667.45     1378.97     1430.00
    61884.68    42667.25     1388.96     1440.00
    61884.97    42667.06     1398.96     1450.00
    61885.26    42666.91     1408.95     1460.00
    61885.55    42666.74     1418.95     1470.00
    61885.82    42666.56     1428.94     1480.00
    61886.09    42666.39     1438.94     1490.00
    61886.40    42666.21     1448.93     1500.00
    61886.73    42666.05     1458.92     1510.00
    61887.04    42665.87     1468.92     1520.00
    61887.32    42665.69     1478.91     1530.00
    61887.61    42665.51     1488.91     1540.00
    61887.90    42665.31     1498.90     1550.00
    61888.21    42665.15     1508.89     1560.00
    61888.52    42665.02     1518.89     1570.00
    61888.82    42664.90     1528.88     1580.00
    61889.12    42664.80     1538.88     1590.00
    61889.41    42664.70     1548.87     1600.00
    61889.66    42664.59     1558.87     1610.00
    61889.94    42664.49     1568.87     1620.00
    61890.21    42664.38     1578.86     1630.00
    61890.46    42664.26     1588.86     1640.00
    61890.71    42664.16     1598.85     1650.00
    61890.95    42664.04     1608.85     1660.00
    61891.18    42663.92     1618.85     1670.00
    61891.42    42663.81     1628.84     1680.00
    61891.67    42663.71     1638.84     1690.00
    61891.98    42663.61     1648.83     1700.00
    61892.30    42663.52     1658.83     1710.00
    61892.63    42663.43     1668.82     1720.00
    61892.98    42663.30     1678.82     1730.00
    61893.24    42663.19     1688.81     1740.00
    61893.49    42663.08     1698.81     1750.00
    61893.74    42662.97     1708.80     1760.00
    61894.00    42662.87     1718.80     1770.00
    61894.29    42662.76     1728.80     1780.00
    61894.58    42662.65     1738.79     1790.00
    61894.82    42662.54     1748.79     1800.00
    61895.02    42662.45     1758.78     1810.00
    61895.23    42662.40     1768.78     1820.00
    61895.53    42662.32     1778.78     1830.00
    61895.79    42662.24     1788.77     1840.00
    61895.96    42662.20     1798.77     1850.00
    61896.15    42662.15     1808.77     1860.00
    61896.30    42662.07     1818.77     1870.00
    61896.43    42661.96     1828.77     1880.00
    61896.56    42661.86     1838.77     1890.00
    61896.71    42661.76     1848.76     1900.00
    61896.87    42661.69     1858.76     1910.00
    61897.00    42661.60     1868.76     1920.00
    61897.10    42661.48     1878.76     1930.00
    61897.19    42661.37     1888.76     1940.00
    61897.27    42661.26     1898.76     1950.00
    61897.34    42661.12     1908.76     1960.00
    61897.40    42660.95     1918.76     1970.00
    61897.44    42660.77     1928.75     1980.00
    61897.47    42660.58     1938.75     1990.00
    61897.52    42660.39     1948.75     2000.00
    61897.58    42660.20     1958.75     2010.00
    61897.65    42660.00     1968.75     2020.00
    61897.70    42659.73     1978.74     2030.00
    61897.75    42659.44     1988.74     2040.00
    61897.78    42659.21     1998.74     2050.00
    61897.80    42658.99     2008.73     2060.00
    61897.80    42658.76     2018.73     2070.00
    61897.79    42658.52     2028.73     2080.00
    61897.82    42658.31     2038.73     2090.00
    61897.83    42658.07     2048.72     2100.00
    61897.84    42657.81     2058.72     2110.00
    61897.85    42657.53     2068.72     2120.00
    61897.82    42657.24     2078.71     2130.00
    61897.77    42656.94     2088.71     2140.00
    61897.74    42656.66     2098.70     2150.00
    61897.70    42656.37     2108.70     2160.00
    61897.66    42656.07     2118.69     2170.00
    61897.66    42655.75     2128.69     2180.00
    61897.64    42655.43     2138.68     2190.00
    61897.56    42655.13     2148.68     2200.00
    61897.49    42654.84     2158.67     2210.00
    61897.40    42654.55     2168.67     2220.00
    61897.29    42654.26     2178.66     2230.00
    61897.15    42653.89     2188.66     2240.00
    61897.07    42653.48     2198.65     2250.00
    61896.99    42653.15     2208.64     2260.00
    61896.89    42652.84     2218.64     2270.00
    61896.73    42652.52     2228.63     2280.00
    61896.57    42652.21     2238.62     2290.00
    61896.48    42651.90     2248.62     2300.00
    61896.43    42651.58     2258.61     2310.00
    61896.39    42651.26     2268.61     2320.00
    61896.30    42650.92     2278.60     2330.00
    61896.18    42650.57     2288.60     2340.00
    61896.05    42650.25     2298.59     2350.00
    61895.90    42649.97     2308.58     2360.00
    61895.78    42649.72     2318.58     2370.00
    61895.66    42649.47     2328.58     2380.00
    61895.54    42649.22     2338.57     2390.00
    61895.39    42648.98     2348.57     2400.00
    61895.23    42648.74     2358.56     2410.00
    61895.11    42648.47     2368.56     2420.00
    61895.01    42648.17     2378.56     2430.00
    61894.90    42647.89     2388.55     2440.00
    61894.76    42647.65     2398.55     2450.00
    61894.59    42647.41     2408.54     2460.00
    61894.42    42647.14     2418.54     2470.00
    61894.31    42646.86     2428.53     2480.00
    61894.18    42646.59     2438.53     2490.00
    61894.07    42646.30     2448.52     2500.00
    61893.96    42645.98     2458.52     2510.00
    61893.83    42645.66     2468.51     2520.00
    61893.69    42645.38     2478.51     2530.00
    61893.63    42645.10     2488.50     2540.00
    61893.60    42644.82     2498.50     2550.00
    61893.53    42644.55     2508.50     2560.00
    61893.45    42644.31     2518.49     2570.00
    61893.36    42644.08     2528.49     2580.00
    61893.26    42643.83     2538.49     2590.00
    61893.18    42643.59     2548.48     2600.00
    61893.10    42643.36     2558.48     2610.00
    61893.06    42643.11     2568.48     2620.00
    61893.01    42642.88     2578.47     2630.00
    61892.93    42642.73     2588.47     2640.00
    61892.83    42642.56     2598.47     2650.00
    61892.69    42642.32     2608.47     2660.00
    61892.62    42642.02     2618.46     2670.00
    61892.53    42641.72     2628.46     2680.00
    61892.45    42641.46     2638.45     2690.00
    61892.41    42641.25     2648.45     2700.00
    61892.33    42641.05     2658.45     2710.00
    61892.26    42640.89     2668.45     2720.00
    61892.24    42640.76     2678.45     2730.00
    61892.21    42640.61     2688.44     2740.00
    61892.17    42640.44     2698.44     2750.00
    61892.12    42640.30     2708.44     2760.00
    61892.05    42640.14     2718.44     2770.00
    61891.97    42639.98     2728.44     2780.00
    61891.89    42639.88     2738.44     2790.00
    61891.84    42639.78     2748.44     2800.00
    61891.76    42639.67     2758.44     2810.00
    61891.65    42639.57     2768.44     2820.00
    61891.53    42639.47     2778.43     2830.00
    61891.44    42639.38     2788.43     2840.00
    61891.37    42639.29     2798.43     2850.00
    61891.31    42639.18     2808.43     2860.00
    61891.24    42639.13     2818.43     2870.00
    61891.11    42639.17     2828.43     2880.00
    61890.97    42639.35     2838.43     2890.00
    61890.85    42639.60     2848.42     2900.00
    61890.77    42639.87     2858.42     2910.00
    61890.79    42640.10     2868.42     2920.00
    61890.86    42640.26     2878.42     2930.00
    61890.91    42640.40     2888.41     2940.00
    61890.96    42640.53     2898.41     2950.00
    61891.00    42640.67     2908.41     2960.00
    61891.05    42640.81     2918.41     2970.00
    61891.09    42640.95     2928.41     2980.00
    61891.18    42641.22     2948.41     3000.00
    61891.22    42641.36     2958.41     3010.00
    61891.26    42641.50     2968.41     3020.00
    61891.31    42641.64     2978.41     3030.00
    61891.35    42641.78     2988.40     3040.00
    61891.40    42641.91     2998.40     3050.00
    61891.44    42642.05     3008.40     3060.00
