#  X  Y  TVDSS  MD
Name   304
    61818.50    43003.50      -52.31        0.00
    61818.50    43003.50      -32.27       20.00
    61818.55    43003.70      -12.23       40.00
    61818.64    43004.04        7.81       60.00
    61818.76    43004.48       27.84       80.00
    61818.88    43004.93       47.88      100.00
    61818.99    43005.36       67.91      120.00
    61819.08    43005.70       87.95      140.00
    61819.13    43005.87       97.97      150.00
    61819.21    43006.19      107.98      160.00
    61818.70    43006.43      117.98      170.00
    61818.25    43005.82      127.98      180.00
    61817.61    43005.04      137.94      190.00
    61816.77    43004.08      147.88      200.00
    61815.67    43003.00      157.78      210.00
    61814.27    43001.90      167.66      220.00
    61812.59    43000.86      177.48      230.00
    61810.63    42999.90      187.26      240.00
    61808.40    42999.09      196.99      250.00
    61805.99    42998.37      206.69      260.00
    61803.45    42997.77      216.36      270.00
    61800.73    42997.41      226.00      280.00
    61797.89    42997.23      235.60      290.00
    61794.95    42997.19      245.18      300.00
    61791.91    42997.24      254.73      310.00
    61788.78    42997.26      264.25      320.00
    61785.55    42997.31      273.73      330.00
    61782.19    42997.39      283.17      340.00
    61778.71    42997.47      292.56      350.00
    61775.16    42997.55      301.93      360.00
    61771.62    42997.61      311.30      370.00
    61768.14    42997.69      320.70      380.00
    61764.72    42997.77      330.11      390.00
    61761.30    42997.85      339.53      400.00
    61754.49    42998.07      358.38      420.00
    61747.75    42998.23      377.25      440.00
    61741.05    42998.39      396.13      460.00
    61734.36    42998.61      415.02      480.00
    61727.71    42998.88      433.92      500.00
    61721.15    42999.15      452.85      520.00
    61714.68    42999.36      471.81      540.00
    61708.23    42999.57      490.78      560.00
    61701.79    42999.84      509.75      580.00
    61695.38    43000.16      528.74      600.00
    61688.97    43000.54      547.72      620.00
    61682.55    43000.97      566.70      640.00
    61676.27    43001.45      585.73      660.00
    61670.06    43001.92      604.77      680.00
    61663.82    43002.40      623.81      700.00
    61657.61    43002.98      642.85      720.00
    61651.48    43003.66      661.92      740.00
    61645.51    43004.43      681.03      760.00
    61639.61    43005.30      700.16      780.00
    61633.76    43006.21      719.30      800.00
    61627.99    43007.16      738.47      820.00
    61622.39    43008.14      757.68      840.00
    61617.02    43009.12      776.96      860.00
    61611.68    43010.14      796.25      880.00
    61606.24    43011.19      815.51      900.00
    61600.77    43012.19      834.76      920.00
    61595.33    43013.18      854.02      940.00
    61589.92    43014.22      873.29      960.00
    61584.52    43015.25      892.56      980.00
    61579.07    43016.25      911.81     1000.00
    61573.55    43017.26      931.05     1020.00
    61567.94    43018.34      950.26     1040.00
    61562.20    43019.44      969.42     1060.00
    61556.37    43020.50      988.57     1080.00
    61550.52    43021.57     1007.71     1100.00
    61544.57    43022.72     1026.81     1120.00
    61538.48    43023.94     1045.86     1140.00
    61532.25    43025.19     1064.87     1160.00
    61525.89    43026.41     1083.83     1180.00
    61519.43    43027.71     1102.75     1200.00
    61512.82    43029.04     1121.62     1220.00
    61506.06    43030.33     1140.44     1240.00
    61499.13    43031.60     1159.20     1260.00
    61492.00    43032.90     1177.88     1280.00
    61484.69    43034.24     1196.49     1300.00
    61477.25    43035.60     1215.04     1320.00
    61469.66    43037.06     1233.53     1340.00
    61461.99    43038.60     1251.97     1360.00
    61454.29    43040.14     1270.41     1380.00
    61446.39    43041.59     1288.76     1400.00
    61438.34    43042.99     1307.06     1420.00
    61430.17    43044.41     1325.30     1440.00
    61421.82    43045.86     1343.45     1460.00
    61413.29    43047.34     1361.52     1480.00
    61404.73    43048.75     1379.58     1500.00
    61396.12    43050.17     1397.62     1520.00
    61387.43    43051.60     1415.62     1540.00
    61378.58    43052.98     1433.55     1560.00
    61369.63    43054.38     1451.42     1580.00
    61360.69    43055.69     1469.30     1600.00
    61351.68    43056.94     1487.15     1620.00
    61342.67    43058.18     1505.01     1640.00
    61333.74    43059.49     1522.89     1660.00
    61324.75    43060.81     1540.75     1680.00
    61320.19    43061.44     1549.65     1690.00
    61315.63    43062.03     1558.55     1700.00
    61311.07    43062.62     1567.45     1710.00
    61306.50    43063.21     1576.34     1720.00
    61297.28    43064.40     1594.09     1740.00
    61287.97    43065.60     1611.79     1760.00
    61278.65    43066.73     1629.49     1780.00
    61269.30    43067.77     1647.18     1800.00
    61259.95    43068.81     1664.87     1820.00
    61250.63    43069.85     1682.57     1840.00
    61241.41    43070.80     1700.34     1860.00
    61232.40    43071.80     1718.20     1880.00
    61223.57    43072.78     1736.16     1900.00
    61214.90    43073.67     1754.20     1920.00
    61206.46    43074.47     1772.36     1940.00
    61194.13    43075.51     1799.76     1970.00
    61190.09    43075.86     1808.92     1980.00
    61186.09    43076.23     1818.10     1990.00
    61182.13    43076.60     1827.29     2000.00
    61174.30    43077.20     1845.73     2020.00
    61166.74    43077.78     1864.27     2040.00
    61159.43    43078.40     1882.92     2060.00
    61152.42    43078.93     1901.68     2080.00
    61145.66    43079.45     1920.54     2100.00
    61138.97    43079.96     1939.42     2120.00
    61132.46    43080.46     1958.36     2140.00
    61126.15    43080.99     1977.37     2160.00
    61120.00    43081.51     1996.44     2180.00
    61114.00    43081.97     2015.55     2200.00
    61108.08    43082.37     2034.69     2220.00
    61102.28    43082.76     2053.87     2240.00
    61096.61    43083.10     2073.08     2260.00
    61093.82    43083.21     2082.70     2270.00
    61091.04    43083.33     2092.33     2280.00
    61088.29    43083.44     2101.96     2290.00
    61085.54    43083.55     2111.60     2300.00
    61080.24    43083.77     2130.92     2320.00
    61075.11    43083.94     2150.29     2340.00
    61070.13    43084.10     2169.70     2360.00
    61065.31    43084.21     2189.15     2380.00
    61060.59    43084.28     2208.64     2400.00
    61056.00    43084.35     2228.14     2420.00
    61051.62    43084.38     2247.70     2440.00
    61047.43    43084.37     2267.29     2460.00
    61043.38    43084.36     2286.92     2480.00
    61039.39    43084.32     2306.56     2500.00
    61035.39    43084.24     2326.19     2520.00
    61033.39    43084.18     2336.01     2530.00
    61031.42    43084.09     2345.83     2540.00
    61029.45    43083.98     2355.66     2550.00
    61027.50    43083.87     2365.48     2560.00
    61025.51    43083.76     2375.30     2570.00
    61023.52    43083.65     2385.12     2580.00
    61019.64    43083.37     2404.78     2600.00
    61015.91    43083.01     2424.47     2620.00
    61012.20    43082.54     2444.15     2640.00
    61008.53    43082.02     2463.85     2660.00
    61004.96    43081.47     2483.56     2680.00
    61001.50    43080.92     2503.29     2700.00
    60998.09    43080.37     2523.03     2720.00
    60994.69    43079.82     2542.77     2740.00
    60991.39    43079.32     2562.53     2760.00
    60988.24    43078.81     2582.31     2780.00
    60985.22    43078.25     2602.12     2800.00
    60982.25    43077.66     2621.93     2820.00
    60979.30    43077.11     2641.75     2840.00
    60976.40    43076.54     2661.57     2860.00
    60973.56    43075.98     2681.40     2880.00
    60970.78    43075.45     2701.24     2900.00
    60968.03    43074.94     2721.08     2920.00
    60965.27    43074.47     2740.92     2940.00
    60962.50    43074.02     2760.77     2960.00
    60959.71    43073.60     2780.58     2980.00
    60956.90    43073.20     2800.37     3000.00
    60954.04    43072.84     2820.16     3020.00
    60951.12    43072.60     2839.95     3040.00
    60948.22    43072.49     2859.74     3060.00
    60945.32    43072.49     2879.53     3080.00
    60942.46    43072.53     2899.32     3100.00
    60939.72    43072.59     2919.13     3120.00
    60937.18    43072.68     2938.97     3140.00
