#  X  Y  TVDSS  MD
Name   305Ë
    61804.00    42992.90      -52.31        0.00
    61804.00    42992.91      -45.31        7.00
    61804.01    42992.91      -42.31       10.00
    61804.05    42992.90      -32.30       20.00
    61804.09    42992.88      -22.30       30.00
    61804.11    42992.85      -12.29       40.00
    61804.12    42992.80       -2.29       50.00
    61804.09    42992.76        7.72       60.00
    61804.05    42992.76       17.72       70.00
    61804.01    42992.78       27.73       80.00
    61803.91    42992.89       37.73       90.00
    61803.66    42993.22       47.73      100.00
    61803.22    42993.81       57.70      110.00
    61802.55    42994.59       67.66      120.00
    61801.64    42995.54       77.57      130.00
    61800.58    42996.66       87.46      140.00
    61799.34    42997.92       97.31      150.00
    61797.89    42999.28      107.12      160.00
    61796.27    43000.71      116.88      170.00
    61794.45    43002.21      126.61      180.00
    61792.44    43003.71      136.29      190.00
    61790.29    43005.18      145.94      200.00
    61788.02    43006.65      155.58      210.00
    61785.71    43008.12      165.20      220.00
    61783.39    43009.58      174.83      230.00
    61781.11    43011.03      184.45      240.00
    61778.87    43012.45      194.11      250.00
    61776.64    43013.86      203.75      260.00
    61774.40    43015.28      213.40      270.00
    61772.17    43016.73      223.04      280.00
    61769.93    43018.20      232.69      290.00
    61767.67    43019.69      242.31      300.00
    61765.39    43021.19      251.94      310.00
    61763.10    43022.70      261.56      320.00
    61760.75    43024.24      271.17      330.00
    61758.37    43025.81      280.75      340.00
    61755.97    43027.39      290.34      350.00
    61753.61    43028.98      299.93      360.00
    61751.28    43030.57      309.53      370.00
    61748.94    43032.17      319.12      380.00
    61746.60    43033.77      328.72      390.00
    61744.26    43035.37      338.31      400.00
    61741.90    43036.98      347.89      410.00
    61739.54    43038.60      357.49      420.00
    61737.19    43040.21      367.07      430.00
    61734.81    43041.81      376.66      440.00
    61732.44    43043.40      386.24      450.00
    61730.08    43045.01      395.84      460.00
    61727.72    43046.62      405.42      470.00
    61725.36    43048.24      415.01      480.00
    61723.01    43049.85      424.60      490.00
    61720.66    43051.45      434.19      500.00
    61718.30    43053.04      443.78      510.00
    61715.95    43054.61      453.38      520.00
    61713.59    43056.23      462.97      530.00
    61711.23    43057.87      472.55      540.00
    61708.90    43059.53      482.14      550.00
    61706.58    43061.20      491.73      560.00
    61704.28    43062.90      501.31      570.00
    61702.00    43064.61      510.91      580.00
    61699.77    43066.34      520.50      590.00
    61697.56    43068.06      530.10      600.00
    61695.34    43069.79      539.71      610.00
    61693.16    43071.51      549.31      620.00
    61691.00    43073.22      558.94      630.00
    61688.85    43074.93      568.55      640.00
    61686.73    43076.64      578.18      650.00
    61684.65    43078.37      587.81      660.00
    61682.61    43080.11      597.45      670.00
    61680.60    43081.81      607.10      680.00
    61678.67    43083.51      616.77      690.00
    61676.80    43085.22      626.45      700.00
    61674.95    43086.94      636.13      710.00
    61673.12    43088.67      645.81      720.00
    61671.28    43090.40      655.50      730.00
    61669.44    43092.15      665.17      740.00
    61667.56    43093.89      674.85      750.00
    61665.65    43095.63      684.50      760.00
    61663.72    43097.39      694.17      770.00
    61661.79    43099.16      703.82      780.00
    61659.87    43100.93      713.47      790.00
    61658.01    43102.72      723.14      800.00
    61656.16    43104.50      732.81      810.00
    61654.31    43106.25      742.49      820.00
    61652.48    43107.97      752.17      830.00
    61650.69    43109.70      761.86      840.00
    61648.90    43111.45      771.55      850.00
    61647.10    43113.18      781.24      860.00
    61645.28    43114.90      790.92      870.00
    61643.45    43116.63      800.61      880.00
    61641.66    43118.32      810.30      890.00
    61639.91    43119.97      820.02      900.00
    61638.17    43121.64      829.72      910.00
    61636.44    43123.33      839.43      920.00
    61634.72    43125.02      849.14      930.00
    61633.00    43126.70      858.86      940.00
    61631.32    43128.38      868.57      950.00
    61629.69    43130.02      878.31      960.00
    61628.18    43131.58      888.07      970.00
    61626.76    43133.05      897.87      980.00
    61625.37    43134.43      907.68      990.00
    61624.02    43135.73      917.50     1000.00
    61622.72    43137.00      927.34     1010.00
    61621.44    43138.28      937.18     1020.00
    61620.14    43139.52      947.02     1030.00
    61618.84    43140.73      956.87     1040.00
    61617.56    43141.90      966.72     1050.00
    61616.28    43143.04      976.58     1060.00
    61615.00    43144.15      986.44     1070.00
    61613.70    43145.26      996.29     1080.00
    61612.39    43146.39     1006.15     1090.00
    61611.10    43147.53     1016.00     1100.00
    61609.80    43148.65     1025.87     1110.00
    61608.52    43149.76     1035.72     1120.00
    61607.24    43150.91     1045.58     1130.00
    61605.96    43152.04     1055.44     1140.00
    61604.67    43153.13     1065.30     1150.00
    61603.39    43154.22     1075.16     1160.00
    61602.11    43155.30     1085.03     1170.00
    61600.87    43156.40     1094.89     1180.00
    61599.65    43157.51     1104.75     1190.00
    61598.40    43158.65     1114.62     1200.00
    61597.17    43159.80     1124.48     1210.00
    61595.96    43160.96     1134.34     1220.00
    61594.76    43162.13     1144.20     1230.00
    61593.58    43163.30     1154.07     1240.00
    61592.42    43164.44     1163.94     1250.00
    61591.24    43165.58     1173.82     1260.00
    61590.06    43166.75     1183.68     1270.00
    61588.84    43167.92     1193.54     1280.00
    61587.59    43169.08     1203.40     1290.00
    61586.37    43170.24     1213.26     1300.00
    61585.12    43171.40     1223.12     1310.00
    61583.86    43172.55     1232.98     1320.00
    61582.64    43173.72     1242.84     1330.00
    61581.45    43174.92     1252.70     1340.00
    61580.25    43176.10     1262.56     1350.00
    61578.97    43177.22     1272.42     1360.00
    61577.66    43178.32     1282.28     1370.00
    61576.36    43179.43     1292.14     1380.00
    61575.07    43180.54     1301.99     1390.00
    61573.82    43181.64     1311.85     1400.00
    61572.57    43182.75     1321.72     1410.00
    61571.36    43183.83     1331.59     1420.00
    61570.20    43184.89     1341.48     1430.00
    61569.02    43185.96     1351.35     1440.00
    61567.83    43187.01     1361.23     1450.00
    61566.63    43188.05     1371.10     1460.00
    61565.45    43189.05     1380.99     1470.00
    61564.27    43190.04     1390.88     1480.00
    61563.08    43191.05     1400.76     1490.00
    61561.86    43192.05     1410.64     1500.00
    61560.65    43193.01     1420.53     1510.00
    61559.49    43193.94     1430.42     1520.00
    61558.35    43194.87     1440.32     1530.00
    61557.24    43195.78     1450.21     1540.00
    61556.18    43196.69     1460.13     1550.00
    61555.13    43197.61     1470.03     1560.00
    61554.11    43198.50     1479.95     1570.00
    61553.07    43199.35     1489.86     1580.00
    61552.06    43200.18     1499.77     1590.00
    61551.09    43201.03     1509.70     1600.00
    61550.13    43201.90     1519.61     1610.00
    61549.19    43202.77     1529.54     1620.00
    61548.24    43203.63     1539.46     1630.00
    61547.31    43204.50     1549.39     1640.00
    61546.39    43205.33     1559.31     1650.00
    61545.46    43206.15     1569.24     1660.00
    61544.55    43206.98     1579.17     1670.00
    61543.69    43207.76     1589.11     1680.00
    61542.85    43208.51     1599.04     1690.00
    61541.99    43209.29     1608.99     1700.00
    61541.17    43210.04     1618.92     1710.00
    61540.37    43210.76     1628.88     1720.00
    61539.56    43211.51     1638.82     1730.00
    61538.78    43212.25     1648.77     1740.00
    61538.00    43212.97     1658.71     1750.00
    61537.20    43213.69     1668.66     1760.00
    61536.36    43214.35     1678.61     1770.00
    61535.50    43214.93     1688.55     1780.00
    61534.67    43215.47     1698.51     1790.00
    61533.87    43216.03     1708.47     1800.00
    61533.06    43216.56     1718.43     1810.00
    61532.22    43217.05     1728.38     1820.00
    61531.40    43217.57     1738.34     1830.00
    61530.63    43218.10     1748.30     1840.00
    61529.87    43218.61     1758.27     1850.00
    61529.14    43219.09     1768.23     1860.00
    61528.43    43219.55     1778.20     1870.00
    61527.74    43220.03     1788.17     1880.00
    61527.08    43220.52     1798.14     1890.00
    61526.43    43221.00     1808.11     1900.00
    61525.79    43221.51     1818.09     1910.00
    61525.15    43222.04     1828.05     1920.00
    61524.53    43222.56     1838.03     1930.00
    61523.91    43223.07     1848.00     1940.00
    61523.29    43223.58     1857.98     1950.00
    61522.70    43224.08     1867.95     1960.00
    61522.11    43224.58     1877.93     1970.00
    61521.55    43225.09     1887.90     1980.00
    61521.01    43225.59     1897.87     1990.00
    61520.48    43226.06     1907.86     2000.00
    61519.99    43226.53     1917.83     2010.00
    61519.54    43226.99     1927.82     2020.00
    61519.11    43227.43     1937.80     2030.00
    61518.69    43227.85     1947.80     2040.00
    61518.30    43228.25     1957.78     2050.00
    61517.97    43228.60     1967.78     2060.00
    61517.70    43228.88     1977.77     2070.00
    61517.51    43229.15     1987.77     2080.00
    61517.39    43229.43     1997.77     2090.00
    61517.29    43229.76     2007.77     2100.00
    61517.15    43230.14     2017.77     2110.00
    61516.95    43230.47     2027.77     2120.00
    61516.75    43230.73     2037.76     2130.00
    61516.55    43230.91     2047.77     2140.00
    61516.39    43231.05     2057.77     2150.00
    61516.33    43231.14     2067.78     2160.00
    61516.31    43231.25     2077.78     2170.00
    61516.34    43231.39     2087.78     2180.00
    61516.43    43231.50     2097.78     2190.00
    61516.58    43231.55     2107.78     2200.00
    61516.73    43231.59     2117.79     2210.00
    61516.88    43231.60     2127.79     2220.00
    61517.05    43231.62     2137.80     2230.00
    61517.20    43231.73     2147.80     2240.00
    61517.31    43231.87     2157.81     2250.00
    61517.43    43232.01     2167.80     2260.00
    61517.54    43232.18     2177.81     2270.00
    61517.66    43232.37     2187.81     2280.00
    61517.78    43232.54     2197.82     2290.00
    61517.91    43232.72     2207.81     2300.00
    61518.06    43232.88     2217.82     2310.00
    61518.20    43233.05     2227.82     2320.00
    61518.33    43233.25     2237.83     2330.00
    61518.48    43233.46     2247.82     2340.00
    61518.62    43233.66     2257.83     2350.00
    61518.76    43233.83     2267.83     2360.00
    61518.90    43234.02     2277.83     2370.00
    61519.08    43234.23     2287.83     2380.00
    61519.26    43234.45     2297.83     2390.00
    61519.43    43234.68     2307.83     2400.00
    61519.57    43234.90     2317.83     2410.00
    61519.67    43235.13     2327.84     2420.00
    61519.76    43235.39     2337.83     2430.00
    61519.87    43235.61     2347.84     2440.00
    61520.00    43235.84     2357.84     2450.00
    61520.15    43236.08     2367.84     2460.00
    61520.31    43236.34     2377.84     2470.00
    61520.47    43236.63     2387.84     2480.00
    61520.65    43236.90     2397.84     2490.00
    61520.83    43237.13     2407.84     2500.00
    61520.99    43237.33     2417.84     2510.00
    61521.15    43237.56     2427.85     2520.00
    61521.31    43237.81     2437.84     2530.00
    61521.43    43238.02     2447.85     2540.00
    61521.53    43238.21     2457.85     2550.00
    61521.66    43238.40     2467.85     2560.00
    61521.83    43238.60     2477.85     2570.00
    61521.98    43238.81     2487.85     2580.00
    61522.12    43239.00     2497.85     2590.00
    61522.28    43239.20     2507.85     2600.00
    61522.45    43239.40     2517.86     2610.00
    61522.65    43239.60     2527.85     2620.00
    61522.87    43239.81     2537.86     2630.00
    61523.08    43239.99     2547.85     2640.00
    61523.30    43240.16     2557.86     2650.00
    61523.52    43240.35     2567.86     2660.00
    61523.77    43240.53     2577.86     2670.00
    61524.04    43240.70     2587.86     2680.00
    61524.31    43240.88     2597.86     2690.00
    61524.55    43241.04     2607.86     2700.00
    61524.77    43241.16     2617.86     2710.00
    61525.02    43241.25     2627.86     2720.00
    61525.26    43241.33     2637.87     2730.00
    61525.50    43241.39     2647.86     2740.00
    61525.76    43241.47     2657.87     2750.00
    61525.97    43241.54     2667.87     2760.00
    61526.11    43241.60     2677.87     2770.00
    61526.21    43241.63     2687.88     2780.00
    61526.30    43241.64     2697.88     2790.00
    61526.43    43241.69     2707.89     2800.00
    61526.56    43241.78     2717.88     2810.00
    61526.69    43241.87     2727.89     2820.00
    61526.84    43241.96     2737.89     2830.00
    61527.00    43242.08     2747.90     2840.00
    61527.17    43242.21     2757.90     2850.00
    61527.35    43242.34     2767.90     2860.00
    61527.55    43242.45     2777.90     2870.00
    61527.69    43242.60     2787.90     2880.00
    61527.79    43242.98     2807.90     2900.00
    61527.89    43243.36     2827.89     2920.00
    61528.00    43243.74     2847.89     2940.00
    61528.10    43244.12     2867.88     2960.00
    61528.21    43244.51     2887.88     2980.00
    61528.32    43244.90     2907.88     3000.00
    61528.42    43245.28     2927.87     3020.00
    61528.49    43245.54     2941.87     3034.00
