#  X  Y  TVDSS  MD
Name   32Ð
    64346.19    39871.57      -48.95        0.00
    64346.19    39871.57       -8.95       40.00
    64346.19    39871.57       11.05       60.00
    64346.19    39871.57       31.05       80.00
    64346.19    39871.57       51.05      100.00
    64346.19    39871.57       71.05      120.00
    64346.19    39871.57       91.05      140.00
    64346.19    39871.57      111.05      160.00
    64346.19    39871.57      131.05      180.00
    64346.19    39871.57      151.04      200.00
    64346.19    39871.57      171.04      220.00
    64346.19    39871.57      191.03      240.00
    64346.19    39871.57      211.02      260.00
    64346.19    39871.57      231.00      280.00
    64346.19    39871.57      250.99      300.00
    64346.19    39871.57      270.97      320.00
    64346.19    39871.57      290.96      340.00
    64346.19    39871.57      310.95      360.00
    64346.19    39871.57      330.94      380.00
    64346.19    39871.57      350.92      400.00
    64346.19    39871.57      370.91      420.00
    64346.19    39871.57      390.89      440.00
    64346.19    39871.57      410.87      460.00
    64346.19    39871.57      430.85      480.00
    64346.19    39871.57      450.84      500.00
    64346.19    39871.57      470.83      520.00
    64346.19    39871.57      490.81      540.00
    64346.19    39871.57      510.80      560.00
    64346.19    39871.57      530.79      580.00
    64346.19    39871.57      550.78      600.00
    64346.19    39871.57      570.78      620.00
    64346.19    39871.57      590.77      640.00
    64346.19    39871.57      610.77      660.00
    64346.19    39871.57      630.77      680.00
    64346.19    39871.57      650.77      700.00
    64346.19    39871.57      670.76      720.00
    64346.19    39871.57      690.76      740.00
    64346.19    39871.57      710.75      760.00
    64346.19    39871.57      730.75      780.00
    64346.19    39871.57      750.75      800.00
    64346.19    39871.57      770.74      820.00
    64346.19    39871.57      790.74      840.00
    64346.19    39871.57      810.73      860.00
    64346.19    39871.57      830.73      880.00
    64346.19    39871.57      850.72      900.00
    64346.19    39871.57      870.72      920.00
    64346.19    39871.57      890.72      940.00
    64346.19    39871.57      910.71      960.00
    64346.19    39871.57      930.71      980.00
    64346.19    39871.57      950.70     1000.00
    64346.19    39871.57      970.70     1020.00
    64346.19    39871.57      990.69     1040.00
    64346.19    39871.57     1010.68     1060.00
    64346.19    39871.57     1030.67     1080.00
    64346.19    39871.57     1050.65     1100.00
    64346.19    39871.57     1070.63     1120.00
    64346.19    39871.57     1090.61     1140.00
    64346.19    39871.57     1110.60     1160.00
    64346.19    39871.57     1130.59     1180.00
    64346.19    39871.57     1150.57     1200.00
    64346.19    39871.57     1170.55     1220.00
    64346.19    39871.57     1190.54     1240.00
    64346.19    39871.57     1210.52     1260.00
    64346.19    39871.57     1230.51     1280.00
    64346.19    39871.57     1250.50     1300.00
    64346.19    39871.57     1270.49     1320.00
    64346.19    39871.57     1290.47     1340.00
    64346.19    39871.57     1310.45     1360.00
    64346.19    39871.57     1330.43     1380.00
    64346.19    39871.57     1350.42     1400.00
    64346.19    39871.57     1370.40     1420.00
    64346.19    39871.57     1390.39     1440.00
    64346.19    39871.57     1410.37     1460.00
    64346.19    39871.57     1430.35     1480.00
    64346.19    39871.57     1450.33     1500.00
    64346.19    39871.57     1470.32     1520.00
    64346.19    39871.57     1490.30     1540.00
    64346.19    39871.57     1510.29     1560.00
    64346.19    39871.57     1530.28     1580.00
    64346.19    39871.57     1550.27     1600.00
    64346.19    39871.57     1570.26     1620.00
    64346.19    39871.57     1590.25     1640.00
    64346.19    39871.57     1610.24     1660.00
    64346.19    39871.57     1630.23     1680.00
    64346.19    39871.57     1650.22     1700.00
    64346.19    39871.57     1670.21     1720.00
    64346.19    39871.57     1690.21     1740.00
    64346.19    39871.57     1710.21     1760.00
    64346.19    39871.57     1730.21     1780.00
    64346.19    39871.57     1750.21     1800.00
    64346.19    39871.57     1770.21     1820.00
    64346.19    39871.57     1790.21     1840.00
    64346.19    39871.57     1810.21     1860.00
    64346.19    39871.57     1830.21     1880.00
    64346.19    39871.57     1850.21     1900.00
    64346.19    39871.57     1870.21     1920.00
    64346.19    39871.57     1890.21     1940.00
    64346.19    39871.57     1910.21     1960.00
    64346.19    39871.57     1930.21     1980.00
    64346.19    39871.57     1950.21     2000.00
    64346.19    39871.57     1970.21     2020.00
    64346.19    39871.57     1990.21     2040.00
    64346.19    39871.57     2010.21     2060.00
    64346.19    39871.57     2030.21     2080.00
    64346.19    39871.57     2050.21     2100.00
    64346.19    39871.57     2070.20     2120.00
    64346.19    39871.57     2090.20     2140.00
    64346.19    39871.57     2110.19     2160.00
    64346.19    39871.57     2130.18     2180.00
    64346.19    39871.57     2150.17     2200.00
    64346.19    39871.57     2170.16     2220.00
    64346.19    39871.57     2190.15     2240.00
    64346.19    39871.57     2210.14     2260.00
    64346.19    39871.57     2230.13     2280.00
    64346.19    39871.57     2250.12     2300.00
    64346.19    39871.57     2270.12     2320.00
    64346.19    39871.57     2290.11     2340.00
    64346.19    39871.57     2310.10     2360.00
    64346.19    39871.57     2330.09     2380.00
    64346.19    39871.57     2350.08     2400.00
    64346.19    39871.57     2370.07     2420.00
    64346.19    39871.57     2390.06     2440.00
    64346.19    39871.57     2410.04     2460.00
    64346.19    39871.57     2430.03     2480.00
    64346.19    39871.57     2450.01     2500.00
    64346.19    39871.57     2469.99     2520.00
    64346.19    39871.57     2509.97     2560.00
    64346.19    39871.57     2529.96     2580.00
    64346.19    39871.57     2549.95     2600.00
    64346.19    39871.57     2569.94     2620.00
    64346.19    39871.57     2589.94     2640.00
    64346.19    39871.57     2609.94     2660.00
    64346.19    39871.57     2629.93     2680.00
    64346.19    39871.57     2649.93     2700.00
    64346.19    39871.57     2669.92     2720.00
    64346.19    39871.57     2689.91     2740.00
    64346.19    39871.57     2709.91     2760.00
    64346.19    39871.57     2729.91     2780.00
    64346.19    39871.57     2749.91     2800.00
    64346.19    39871.57     2769.90     2820.00
    64346.19    39871.57     2789.90     2840.00
    64346.19    39871.57     2809.90     2860.00
    64346.19    39871.57     2829.90     2880.00
    64346.19    39871.57     2849.90     2900.00
    64346.19    39871.57     2869.90     2920.00
    64346.19    39871.57     2889.90     2940.00
    64346.19    39871.57     2909.90     2960.00
    64346.19    39871.57     2929.89     2980.00
    64346.19    39871.57     2949.89     3000.00
    64346.19    39871.57     2969.89     3020.00
    64346.19    39871.57     2989.89     3040.00
    64346.19    39871.57     3009.89     3060.00
    64346.19    39871.57     3029.88     3080.00
    64346.19    39871.57     3049.88     3100.00
    64346.19    39871.57     3069.87     3120.00
    64346.19    39871.57     3089.86     3140.00
