#  X  Y  TVDSS  MD
Name   39Ð
    62691.15    38280.65      -60.12        0.00
    62691.15    38280.65      -35.12       25.00
    62691.15    38280.65      -10.12       50.00
    62691.16    38280.70       14.88       75.00
    62691.18    38280.74       34.88       95.00
    62691.18    38280.74       39.88      100.00
    62691.19    38280.80       64.88      125.00
    62691.22    38280.90       89.88      150.00
    62691.26    38281.06      114.88      175.00
    62691.28    38281.15      134.88      195.00
    62691.28    38281.15      139.88      200.00
    62691.28    38281.15      164.88      225.00
    62691.31    38281.25      189.88      250.00
    62691.37    38281.46      214.88      275.00
    62691.41    38281.63      234.88      295.00
    62691.42    38281.67      239.88      300.00
    62691.48    38281.88      264.88      325.00
    62691.55    38282.15      289.87      350.00
    62691.62    38282.41      314.87      375.00
    62691.67    38282.62      334.87      395.00
    62691.69    38282.68      339.87      400.00
    62691.79    38283.05      364.87      425.00
    62691.90    38283.48      389.86      450.00
    62692.03    38283.95      414.86      475.00
    62692.15    38284.41      434.85      495.00
    62692.18    38284.54      439.85      500.00
    62692.36    38285.23      464.84      525.00
    62692.56    38285.96      489.83      550.00
    62692.77    38286.75      514.82      575.00
    62692.95    38287.43      534.80      595.00
    62692.99    38287.60      539.80      600.00
    62693.22    38288.44      564.79      625.00
    62693.43    38289.23      589.77      650.00
    62693.61    38289.92      614.76      675.00
    62693.73    38290.38      634.76      695.00
    62693.76    38290.49      639.76      700.00
    62693.90    38291.01      664.75      725.00
    62694.03    38291.49      689.75      750.00
    62694.13    38291.86      714.74      775.00
    62694.18    38292.07      734.74      795.00
    62694.19    38292.11      739.74      800.00
    62694.25    38292.32      764.74      825.00
    62694.32    38292.58      789.74      850.00
    62694.40    38292.90      814.74      875.00
    62694.48    38293.19      834.73      895.00
    62694.50    38293.28      839.73      900.00
    62694.60    38293.65      864.73      925.00
    62694.69    38293.96      889.73      950.00
    62694.78    38294.33      914.73      975.00
    62694.87    38294.67      934.72      995.00
    62694.90    38294.76      939.72     1000.00
    62695.04    38295.28      964.72     1025.00
    62695.20    38295.91      989.71     1050.00
    62695.37    38296.55     1014.70     1075.00
    62695.49    38297.01     1034.69     1095.00
    62695.52    38297.13     1039.69     1100.00
    62695.68    38297.71     1064.68     1125.00
    62695.83    38298.29     1089.68     1150.00
    62695.99    38298.87     1114.67     1175.00
    62696.10    38299.29     1134.67     1195.00
    62696.12    38299.38     1139.66     1200.00
    62696.24    38299.80     1164.66     1225.00
    62696.35    38300.23     1189.66     1250.00
    62696.46    38300.65     1214.65     1275.00
    62696.55    38300.99     1234.65     1295.00
    62696.57    38301.08     1239.65     1300.00
    62696.71    38301.61     1264.64     1325.00
    62696.87    38302.19     1289.64     1350.00
    62697.04    38302.82     1314.63     1375.00
    62697.17    38303.33     1334.62     1395.00
    62697.20    38303.45     1339.62     1400.00
    62697.37    38304.08     1364.61     1425.00
    62697.51    38304.61     1389.60     1450.00
    62697.64    38305.09     1414.60     1475.00
    62697.75    38305.51     1434.59     1495.00
    62697.78    38305.60     1439.59     1500.00
    62697.89    38306.02     1464.59     1525.00
    62698.00    38306.45     1489.59     1550.00
    62698.10    38306.82     1514.58     1575.00
    62698.16    38307.07     1534.58     1595.00
    62698.18    38307.13     1539.58     1600.00
    62698.25    38307.40     1564.58     1625.00
    62698.31    38307.61     1589.58     1650.00
    62698.36    38307.82     1614.58     1675.00
    62698.41    38307.99     1634.58     1695.00
    62698.42    38308.03     1639.58     1700.00
    62698.49    38308.29     1664.57     1725.00
    62698.57    38308.61     1689.57     1750.00
    62698.66    38308.92     1714.57     1775.00
    62698.71    38309.13     1734.57     1795.00
    62698.72    38309.18     1739.57     1800.00
    62698.78    38309.39     1764.57     1825.00
    62698.84    38309.60     1789.57     1850.00
    62698.89    38309.81     1814.57     1875.00
    62698.94    38309.98     1834.57     1895.00
    62698.95    38310.02     1839.57     1900.00
    62699.00    38310.23     1864.56     1925.00
    62699.07    38310.49     1889.56     1950.00
    62699.16    38310.81     1914.56     1975.00
    62699.21    38311.02     1934.56     1995.00
    62699.23    38311.06     1939.56     2000.00
    62699.28    38311.27     1964.56     2025.00
    62699.34    38311.49     1989.56     2050.00
    62699.39    38311.70     2014.56     2075.00
    62699.45    38311.91     2034.55     2095.00
    62699.47    38311.97     2039.54     2100.00
    62699.55    38312.29     2064.54     2125.00
    62699.63    38312.60     2089.54     2150.00
    62699.72    38312.92     2114.54     2175.00
    62699.79    38313.17     2134.54     2195.00
    62699.80    38313.24     2139.54     2200.00
    62699.90    38313.60     2164.53     2225.00
    62700.01    38314.03     2189.53     2250.00
    62700.12    38314.45     2214.53     2275.00
    62700.22    38314.83     2234.52     2295.00
    62700.25    38314.93     2239.52     2300.00
    62700.39    38315.46     2264.51     2325.00
    62700.55    38316.04     2289.51     2350.00
    62700.71    38316.67     2314.50     2375.00
    62700.85    38317.18     2334.49     2395.00
    62700.88    38317.29     2339.49     2400.00
    62701.03    38317.87     2364.48     2425.00
    62701.20    38318.51     2389.48     2450.00
    62701.36    38319.09     2414.47     2475.00
    62701.47    38319.51     2434.46     2495.00
    62701.49    38319.60     2439.46     2500.00
    62701.60    38320.03     2464.46     2525.00
    62701.72    38320.45     2489.45     2550.00
    62701.83    38320.87     2514.45     2575.00
    62701.93    38321.25     2534.45     2595.00
    62701.95    38321.34     2539.45     2600.00
    62702.07    38321.76     2564.44     2625.00
    62702.18    38322.19     2589.44     2650.00
    62702.29    38322.61     2614.43     2675.00
    62702.38    38322.95     2634.43     2695.00
    62702.40    38323.03     2639.43     2700.00
    62702.53    38323.50     2664.43     2725.00
    62702.67    38324.03     2689.42     2750.00
    62702.81    38324.56     2714.41     2775.00
    62702.92    38324.98     2734.41     2795.00
    62702.95    38325.09     2739.41     2800.00
    62703.09    38325.61     2764.40     2825.00
    62703.23    38326.14     2789.40     2850.00
    62703.37    38326.67     2814.40     2875.00
    62703.48    38327.09     2834.40     2895.00
    62703.51    38327.19     2839.39     2900.00
    62703.66    38327.77     2864.39     2925.00
    62703.83    38328.41     2889.38     2950.00
    62703.97    38328.93     2914.37     2975.00
    62704.06    38329.27     2934.37     2995.00
    62704.08    38329.35     2939.37     3000.00
    62704.19    38329.78     2964.36     3025.00
    62704.31    38330.20     2989.36     3050.00
    62704.42    38330.62     3014.36     3075.00
    62704.53    38331.04     3039.35     3100.00
    62704.64    38331.46     3064.35     3125.00
    62704.75    38331.89     3089.35     3150.00
