#  X  Y  TVDSS  MD
Name   502ок
    61520.00    44297.00      -47.10        0.00
    61520.00    44297.00      -24.30       22.80
    61520.00    44297.00       -4.77       42.33
    61520.00    44297.00       19.44       66.54
    61520.00    44298.00       43.60       90.70
    61521.00    44298.00       67.88      115.00
    61522.00    44299.00       92.03      139.20
    61524.00    44299.00      116.25      163.50
    61526.00    44301.00      140.40      187.80
    61530.00    44302.00      164.26      211.90
    61534.00    44303.00      188.11      236.10
    61539.00    44304.00      211.79      260.30
    61544.00    44306.00      235.16      284.40
    61551.00    44309.00      258.35      308.60
    61558.00    44311.00      281.21      332.80
    61566.00    44315.00      303.84      357.00
    61573.00    44319.00      326.50      381.20
    61580.00    44322.00      349.27      405.40
    61588.00    44326.00      372.00      429.60
    61596.00    44330.00      394.66      453.80
    61604.00    44333.00      417.42      478.10
    61612.00    44337.00      440.00      502.20
    61618.00    44341.00      462.87      526.60
    61626.00    44343.00      485.46      550.70
    61634.00    44346.00      508.16      574.90
    61642.00    44350.00      530.90      599.10
    61650.00    44353.00      553.81      623.40
    61657.00    44356.00      576.71      647.70
    61665.00    44360.00      599.39      671.80
    61671.00    44364.00      622.27      696.10
    61675.00    44366.00      636.14      710.80
    61685.00    44371.00      665.34      741.80
    61693.00    44373.00      688.02      766.00
    61702.00    44376.00      710.62      790.30
    61711.00    44378.00      732.81      814.40
    61721.00    44379.00      754.79      838.70
    61733.00    44381.00      776.56      863.30
    61745.00    44382.00      797.98      888.00
    61758.00    44386.00      818.97      912.60
    61771.00    44389.00      839.73      937.30
    61783.00    44392.00      860.24      961.90
    61796.00    44395.00      880.86      986.60
    61810.00    44398.00      901.44     1011.20
    61823.00    44401.00      922.13     1036.00
    61837.00    44404.00      942.50     1060.60
    61851.00    44406.00      962.80     1085.40
    61865.00    44409.00      982.70     1110.00
    61880.00    44412.00     1002.72     1134.80
    61894.00    44414.00     1022.86     1159.50
    61907.00    44416.00     1043.11     1184.10
    61921.00    44417.00     1063.45     1208.80
    61935.00    44420.00     1083.73     1233.50
    61949.00    44423.00     1104.09     1258.20
    61962.00    44424.00     1124.56     1282.90
    61976.00    44427.00     1144.94     1307.60
    61990.00    44430.00     1165.26     1332.30
    62004.00    44432.00     1185.47     1357.00
    62018.00    44435.00     1205.33     1381.60
    62033.00    44437.00     1225.17     1406.30
    62047.00    44440.00     1245.38     1431.00
    62060.00    44443.00     1265.81     1455.60
    62074.00    44444.00     1286.14     1480.30
    62101.00    44449.00     1327.05     1529.70
    62114.00    44451.00     1347.70     1554.30
    62128.00    44453.00     1368.31     1579.00
    62142.00    44455.00     1388.65     1603.60
    62156.00    44457.00     1408.90     1628.30
    62170.00    44460.00     1429.11     1652.90
    62183.00    44462.00     1449.42     1677.50
    62197.00    44465.00     1469.71     1702.20
    62211.00    44468.00     1489.78     1726.80
    62224.00    44471.00     1510.07     1751.60
    62238.00    44474.00     1530.35     1776.30
    62252.00    44476.00     1550.52     1800.90
    62266.00    44479.00     1570.90     1825.60
    62279.00    44482.00     1591.56     1850.20
    62292.00    44484.00     1612.43     1874.90
    62306.00    44487.00     1633.22     1899.60
    62318.00    44489.00     1653.60     1923.80
    62331.00    44492.00     1673.97     1948.00
    62344.00    44495.00     1694.19     1972.20
    62357.00    44497.00     1714.16     1996.40
    62371.00    44500.00     1733.96     2020.60
    62385.00    44502.00     1753.67     2044.80
    62398.00    44505.00     1773.53     2069.00
    62412.00    44508.00     1793.68     2093.30
    62425.00    44509.00     1813.82     2117.50
    62438.00    44512.00     1834.01     2141.70
    62451.00    44514.00     1854.35     2166.00
    62465.00    44516.00     1874.44     2190.20
    62479.00    44518.00     1894.40     2214.40
    62492.00    44519.00     1914.42     2238.60
    62506.00    44521.00     1934.38     2262.80
    62519.00    44522.00     1954.40     2287.00
    62532.00    44524.00     1974.45     2311.20
    62546.00    44527.00     1994.27     2335.50
    62560.00    44528.00     2013.64     2359.60
    62574.00    44530.00     2033.13     2383.90
    62589.00    44532.00     2052.54     2408.10
    62603.00    44534.00     2071.95     2432.30
    62632.00    44539.00     2111.08     2480.70
    62646.00    44540.00     2130.87     2505.00
    62660.00    44542.00     2150.51     2529.20
    62674.00    44544.00     2170.32     2553.40
    62687.00    44546.00     2190.42     2577.60
    62700.00    44549.00     2210.66     2601.80
    62712.00    44551.00     2231.00     2626.00
    62725.00    44554.00     2251.33     2650.20
    62730.00    44554.00     2259.57     2660.00
    62736.00    44555.00     2268.01     2670.00
    62741.00    44557.00     2276.47     2680.00
    62746.00    44557.00     2284.94     2690.00
    62751.00    44558.00     2293.39     2700.00
    62757.00    44559.00     2301.78     2710.00
    62762.00    44559.00     2310.09     2720.00
    62768.00    44561.00     2318.38     2730.00
    62773.00    44562.00     2326.69     2740.00
    62779.00    44563.00     2335.04     2750.00
    62784.00    44563.00     2343.42     2760.00
    62790.00    44565.00     2351.81     2770.00
    62795.00    44566.00     2360.19     2780.00
    62800.00    44567.00     2368.56     2790.00
    62806.00    44568.00     2376.94     2800.00
    62811.00    44570.00     2385.34     2810.00
    62817.00    44571.00     2393.75     2820.00
    62822.00    44571.00     2402.15     2830.00
    62827.00    44572.00     2410.53     2840.00
    62833.00    44574.00     2418.91     2850.00
    62838.00    44575.00     2427.26     2860.00
    62844.00    44576.00     2435.59     2870.00
    62849.00    44576.00     2443.88     2880.00
    62854.00    44578.00     2452.13     2890.00
    62859.00    44579.00     2460.32     2900.00
    62865.00    44580.00     2468.47     2910.00
    62871.00    44581.00     2476.65     2920.00
    62876.00    44583.00     2484.88     2930.00
    62882.00    44584.00     2493.16     2940.00
    62887.00    44584.00     2501.50     2950.00
    62893.00    44585.00     2509.89     2960.00
    62898.00    44587.00     2518.27     2970.00
    62904.00    44588.00     2526.58     2980.00
    62909.00    44589.00     2534.89     2990.00
    62915.00    44590.00     2543.26     3000.00
    62920.00    44591.00     2551.68     3010.00
    62925.00    44592.00     2560.12     3020.00
    62931.00    44593.00     2568.51     3030.00
    62936.00    44593.00     2576.80     3040.00
    62942.00    44595.00     2584.98     3050.00
    62948.00    44595.00     2593.12     3060.00
    62953.00    44595.00     2601.31     3070.00
    62959.00    44595.00     2609.54     3080.00
    62965.00    44597.00     2617.76     3090.00
    62971.00    44597.00     2625.89     3100.00
    62977.00    44597.00     2633.92     3110.00
    62983.00    44598.00     2641.88     3120.00
    62989.00    44599.00     2649.78     3130.00
    62995.00    44599.00     2657.72     3140.00
    63001.00    44600.00     2665.73     3150.00
    63007.00    44600.00     2673.80     3160.00
    63012.00    44602.00     2681.93     3170.00
    63018.00    44602.00     2690.12     3180.00
    63024.00    44603.00     2698.31     3190.00
    63030.00    44605.00     2706.47     3200.00
    63034.00    44606.00     2714.61     3210.00
    63040.00    44606.00     2722.71     3220.00
    63046.00    44607.00     2730.81     3230.00
    63052.00    44609.00     2738.92     3240.00
    63057.00    44610.00     2747.07     3250.00
    63063.00    44611.00     2755.28     3260.00
    63069.00    44612.00     2763.56     3270.00
    63074.00    44614.00     2771.91     3280.00
    63079.00    44615.00     2780.32     3290.00
    63085.00    44615.00     2788.75     3300.00
    63090.00    44616.00     2797.21     3310.00
    63095.00    44617.00     2805.70     3320.00
    63100.00    44619.00     2814.23     3330.00
    63105.00    44620.00     2822.82     3340.00
    63110.00    44621.00     2831.47     3350.00
    63115.00    44622.00     2840.22     3360.00
    63119.00    44625.00     2849.07     3370.00
    63124.00    44626.00     2858.02     3380.00
    63128.00    44627.00     2867.09     3390.00
    63132.00    44628.00     2876.24     3400.00
    63135.00    44629.00     2885.46     3410.00
    63138.00    44630.00     2894.71     3420.00
    63141.00    44632.00     2904.01     3430.00
    63145.00    44633.00     2913.37     3440.00
    63148.00    44635.00     2922.78     3450.00
    63151.00    44636.00     2932.25     3460.00
    63154.00    44637.00     2941.78     3470.00
    63157.00    44638.00     2951.37     3480.00
    63159.00    44638.00     2961.03     3490.00
    63161.00    44639.00     2970.74     3500.00
    63163.00    44641.00     2980.48     3510.00
    63165.00    44642.00     2990.25     3520.00
    63167.00    44643.00     3000.04     3530.00
    63169.00    44643.00     3009.85     3540.00
    63171.00    44644.00     3019.69     3550.00
    63172.00    44645.00     3029.54     3560.00
