#  X  Y  TVDSS  MD
Name   50ою
    64147.20    40072.00      -41.39       10.00
    64147.21    40072.02      -31.39       20.00
    64147.21    40072.05      -21.39       30.00
    64147.23    40072.10      -11.39       40.00
    64147.25    40072.19       -1.39       50.00
    64147.28    40072.28        8.61       60.00
    64147.30    40072.36       18.61       70.00
    64147.32    40072.42       28.61       80.00
    64147.33    40072.47       38.61       90.00
    64147.35    40072.54       48.61      100.00
    64147.38    40072.65       58.61      110.00
    64147.43    40072.83       68.61      120.00
    64147.49    40073.07       78.60      130.00
    64147.58    40073.37       88.60      140.00
    64147.67    40073.72       98.59      150.00
    64148.09    40073.65      108.58      160.00
    64148.03    40073.18      118.57      170.00
    64147.94    40072.66      128.56      180.00
    64147.82    40072.03      138.54      190.00
    64147.69    40071.32      148.51      200.00
    64147.53    40070.56      158.48      210.00
    64147.33    40069.74      168.44      220.00
    64147.10    40068.86      178.40      230.00
    64146.84    40067.93      188.36      240.00
    64146.54    40066.94      198.30      250.00
    64146.19    40065.86      208.24      260.00
    64145.79    40064.68      218.16      270.00
    64145.33    40063.43      228.07      280.00
    64144.86    40062.13      237.98      290.00
    64144.39    40060.78      247.87      300.00
    64143.91    40059.37      257.76      310.00
    64143.45    40057.89      267.64      320.00
    64143.02    40056.36      277.51      330.00
    64142.64    40054.79      287.38      340.00
    64142.27    40053.21      297.25      350.00
    64141.92    40051.64      307.12      360.00
    64141.53    40050.13      317.00      370.00
    64141.13    40048.73      326.89      380.00
    64140.75    40047.49      336.81      390.00
    64140.39    40046.37      346.74      400.00
    64140.05    40045.32      356.67      410.00
    64139.71    40044.27      366.61      420.00
    64139.37    40043.15      376.54      430.00
    64139.04    40041.95      386.47      440.00
    64138.72    40040.67      396.38      450.00
    64138.42    40039.34      406.29      460.00
    64138.12    40037.99      416.19      470.00
    64137.82    40036.66      426.10      480.00
    64137.51    40035.36      436.01      490.00
    64137.20    40034.10      445.92      500.00
    64136.89    40032.86      455.84      510.00
    64136.59    40031.60      465.76      520.00
    64136.29    40030.32      475.67      530.00
    64135.98    40029.02      485.58      540.00
    64135.66    40027.71      495.49      550.00
    64135.32    40026.42      505.40      560.00
    64135.00    40025.15      515.31      570.00
    64134.69    40023.88      525.23      580.00
    64134.41    40022.61      535.14      590.00
    64134.17    40021.36      545.06      600.00
    64133.94    40020.14      554.98      610.00
    64133.73    40018.95      564.91      620.00
    64133.51    40017.79      574.84      630.00
    64133.31    40016.66      584.77      640.00
    64133.09    40015.55      594.71      650.00
    64132.86    40014.46      604.65      660.00
    64132.64    40013.36      614.58      670.00
    64132.43    40012.22      624.52      680.00
    64132.22    40011.03      634.44      690.00
    64132.00    40009.85      644.37      700.00
    64131.72    40008.70      654.30      710.00
    64131.37    40007.57      664.23      720.00
    64131.04    40006.39      674.16      730.00
    64130.72    40005.13      684.07      740.00
    64130.42    40003.79      693.98      750.00
    64130.17    40002.41      703.88      760.00
    64129.92    40000.99      713.77      770.00
    64129.64    39999.52      723.66      780.00
    64129.32    39997.99      733.54      790.00
    64128.97    39996.39      743.40      800.00
    64128.57    39994.72      753.25      810.00
    64128.12    39993.02      763.10      820.00
    64127.60    39991.26      772.93      830.00
    64127.00    39989.45      782.74      840.00
    64126.30    39987.56      792.54      850.00
    64125.51    39985.59      802.31      860.00
    64124.64    39983.53      812.06      870.00
    64123.69    39981.42      821.79      880.00
    64122.61    39979.25      831.49      890.00
    64121.41    39976.98      841.15      900.00
    64120.11    39974.58      850.77      910.00
    64118.72    39972.00      860.33      920.00
    64117.23    39969.24      869.83      930.00
    64115.63    39966.33      879.26      940.00
    64113.94    39963.28      888.63      950.00
    64112.22    39960.09      897.95      960.00
    64110.40    39956.79      907.22      970.00
    64108.45    39953.40      916.42      980.00
    64106.42    39949.93      925.58      990.00
    64104.40    39946.40      934.71     1000.00
    64102.43    39942.84      943.85     1010.00
    64100.54    39939.27      953.00     1020.00
    64098.66    39935.71      962.15     1030.00
    64096.69    39932.13      971.28     1040.00
    64094.62    39928.54      980.38     1050.00
    64092.46    39924.92      989.45     1060.00
    64090.17    39921.31      998.49     1070.00
    64087.77    39917.73     1007.51     1080.00
    64085.29    39914.17     1016.52     1090.00
    64082.75    39910.65     1025.53     1100.00
    64080.14    39907.11     1034.51     1110.00
    64077.45    39903.53     1043.45     1120.00
    64074.67    39899.96     1052.37     1130.00
    64071.91    39896.47     1061.32     1140.00
    64069.18    39893.02     1070.30     1150.00
    64066.47    39889.54     1079.28     1160.00
    64063.80    39886.03     1088.25     1170.00
    64061.12    39882.59     1097.25     1180.00
    64058.46    39879.17     1106.27     1190.00
    64055.86    39875.77     1115.30     1200.00
    64053.27    39872.37     1124.34     1210.00
    64050.65    39868.94     1133.36     1220.00
    64047.96    39865.48     1142.35     1230.00
    64045.12    39862.02     1151.29     1240.00
    64042.16    39858.60     1160.21     1250.00
    64039.17    39855.26     1169.15     1260.00
    64036.23    39851.99     1178.13     1270.00
    64033.39    39848.76     1187.16     1280.00
    64030.60    39845.60     1196.23     1290.00
    64027.81    39842.48     1205.31     1300.00
    64025.02    39839.37     1214.40     1310.00
    64022.25    39836.22     1223.47     1320.00
    64019.46    39833.06     1232.54     1330.00
    64016.68    39829.84     1241.60     1340.00
    64013.96    39826.58     1250.65     1350.00
    64011.30    39823.34     1259.73     1360.00
    64008.74    39820.11     1268.84     1370.00
    64006.30    39816.86     1277.98     1380.00
    64003.92    39813.63     1287.13     1390.00
    64001.53    39810.38     1296.28     1400.00
    63999.12    39807.10     1305.42     1410.00
    63996.70    39803.76     1314.53     1420.00
    63994.28    39800.35     1323.61     1430.00
    63991.83    39796.90     1332.67     1440.00
    63989.32    39793.43     1341.71     1450.00
    63986.73    39789.92     1350.71     1460.00
    63984.13    39786.38     1359.69     1470.00
    63981.57    39782.91     1368.71     1480.00
    63979.03    39779.46     1377.75     1490.00
    63976.50    39776.02     1386.79     1500.00
    63973.94    39772.54     1395.81     1510.00
    63971.38    39769.01     1404.81     1520.00
    63968.86    39765.45     1413.81     1530.00
    63966.36    39762.00     1422.85     1540.00
    63963.88    39758.63     1431.94     1550.00
    63961.46    39755.28     1441.04     1560.00
    63959.08    39751.93     1450.16     1570.00
    63956.72    39748.54     1459.27     1580.00
    63954.37    39745.10     1468.36     1590.00
    63952.07    39741.61     1477.44     1600.00
    63949.86    39738.06     1486.52     1610.00
    63947.60    39734.50     1495.60     1620.00
    63945.35    39730.95     1504.67     1630.00
    63943.25    39727.36     1513.76     1640.00
    63941.26    39723.75     1522.87     1650.00
    63939.34    39720.13     1531.99     1660.00
    63937.44    39716.53     1541.13     1670.00
    63935.49    39712.99     1550.27     1680.00
    63933.47    39709.48     1559.42     1690.00
    63931.38    39705.97     1568.55     1700.00
    63929.20    39702.48     1577.66     1710.00
    63926.93    39699.03     1586.77     1720.00
    63924.58    39695.66     1595.88     1730.00
    63922.18    39692.34     1605.01     1740.00
    63919.77    39689.07     1614.14     1750.00
    63917.34    39685.83     1623.29     1760.00
    63914.91    39682.58     1632.43     1770.00
    63912.54    39679.25     1641.55     1780.00
    63910.18    39675.86     1650.66     1790.00
    63907.78    39672.48     1659.76     1800.00
    63905.33    39669.09     1668.85     1810.00
    63902.87    39665.62     1677.89     1820.00
    63900.40    39662.08     1686.91     1830.00
    63897.85    39658.55     1695.92     1840.00
    63895.28    39655.00     1704.91     1850.00
    63892.67    39651.45     1713.88     1860.00
    63890.03    39647.93     1722.86     1870.00
    63887.51    39644.45     1731.89     1880.00
    63885.03    39641.08     1740.97     1890.00
    63882.62    39637.81     1750.11     1900.00
    63880.32    39634.57     1759.29     1910.00
    63878.07    39631.34     1768.48     1920.00
    63875.86    39628.05     1777.66     1930.00
    63873.67    39624.66     1786.82     1940.00
    63871.53    39621.21     1795.95     1950.00
    63869.44    39617.72     1805.09     1960.00
    63867.36    39614.24     1814.23     1970.00
    63865.20    39610.77     1823.36     1980.00
    63862.99    39607.35     1832.49     1990.00
    63860.80    39603.96     1841.64     2000.00
    63858.64    39600.61     1850.81     2010.00
    63856.49    39597.30     1860.00     2020.00
    63854.44    39593.99     1869.21     2030.00
    63852.46    39590.73     1878.45     2040.00
    63850.49    39587.51     1887.71     2050.00
    63848.47    39584.32     1896.97     2060.00
    63846.40    39581.19     1906.24     2070.00
    63844.38    39578.11     1915.54     2080.00
    63842.40    39575.11     1924.87     2090.00
    63840.45    39572.21     1934.24     2100.00
    63838.53    39569.34     1943.62     2110.00
    63836.67    39566.41     1953.00     2120.00
    63834.86    39563.39     1962.36     2130.00
    63833.05    39560.30     1971.70     2140.00
    63831.18    39557.09     1980.98     2150.00
    63829.17    39553.74     1990.19     2160.00
    63826.98    39550.29     1999.32     2170.00
    63824.61    39546.75     2008.36     2180.00
    63822.11    39543.10     2017.33     2190.00
    63819.53    39539.32     2026.22     2200.00
    63816.83    39535.45     2035.04     2210.00
    63814.04    39531.52     2043.80     2220.00
    63811.22    39527.55     2052.53     2230.00
    63808.39    39523.56     2061.26     2240.00
    63805.55    39519.63     2070.00     2250.00
    63802.75    39515.76     2078.79     2260.00
    63800.10    39511.89     2087.62     2270.00
    63797.62    39507.97     2096.48     2280.00
    63795.22    39504.04     2105.36     2290.00
    63792.82    39500.11     2114.23     2300.00
    63790.46    39496.15     2123.11     2310.00
    63788.12    39492.23     2132.00     2320.00
    63785.69    39488.40     2140.91     2330.00
    63783.20    39484.62     2149.83     2340.00
    63780.76    39480.85     2158.77     2350.00
    63778.39    39477.10     2167.73     2360.00
    63776.03    39473.38     2176.71     2370.00
    63773.65    39469.63     2185.67     2380.00
    63771.23    39465.88     2194.62     2390.00
    63768.78    39462.17     2203.58     2400.00
    63766.33    39458.51     2212.55     2410.00
    63763.86    39454.84     2221.52     2420.00
    63761.42    39451.13     2230.48     2430.00
    63758.92    39447.41     2239.42     2440.00
    63756.37    39443.69     2248.34     2450.00
    63753.86    39439.94     2257.27     2460.00
    63751.43    39436.18     2266.21     2470.00
    63749.04    39432.40     2275.16     2480.00
    63746.66    39428.58     2284.09     2490.00
    63744.35    39424.87     2293.08     2500.00
    63742.06    39421.33     2302.15     2510.00
    63739.80    39417.88     2311.26     2520.00
    63737.57    39414.57     2320.42     2530.00
    63735.34    39411.37     2329.63     2540.00
    63733.12    39408.18     2338.84     2550.00
    63730.87    39405.01     2348.06     2560.00
    63728.56    39401.93     2357.29     2570.00
    63726.23    39398.88     2366.52     2580.00
    63723.95    39395.94     2375.81     2590.00
    63721.67    39393.17     2385.14     2600.00
    63719.35    39390.54     2394.51     2610.00
    63717.06    39388.02     2403.91     2620.00
    63714.82    39385.57     2413.34     2630.00
    63712.65    39383.15     2422.80     2640.00
    63710.59    39380.76     2432.29     2650.00
    63708.59    39378.46     2441.81     2660.00
    63706.70    39376.19     2451.36     2670.00
    63704.91    39373.94     2460.94     2680.00
    63703.16    39371.68     2470.52     2690.00
    63701.41    39369.43     2480.11     2700.00
    63699.68    39367.21     2489.71     2710.00
    63698.06    39365.01     2499.33     2720.00
    63696.53    39362.85     2508.97     2730.00
    63695.04    39360.76     2518.63     2740.00
    63693.63    39358.73     2528.32     2750.00
    63692.27    39356.73     2538.03     2760.00
    63690.84    39354.73     2547.72     2770.00
    63689.36    39352.68     2557.40     2780.00
    63687.93    39350.59     2567.07     2790.00
    63686.51    39348.43     2576.73     2800.00
    63685.06    39346.27     2586.39     2810.00
    63683.57    39344.13     2596.04     2820.00
    63682.07    39342.02     2605.70     2830.00
    63680.61    39339.96     2615.37     2840.00
    63679.17    39337.94     2625.06     2850.00
    63677.76    39335.95     2634.76     2860.00
    63676.35    39334.00     2644.46     2870.00
    63674.93    39332.07     2654.17     2880.00
    63673.51    39330.14     2663.88     2890.00
    63672.07    39328.18     2673.58     2900.00
    63670.61    39326.20     2683.27     2910.00
    63669.12    39324.22     2692.96     2920.00
    63667.60    39322.27     2702.65     2930.00
    63666.05    39320.34     2712.34     2940.00
    63664.51    39318.43     2722.04     2950.00
    63663.02    39316.55     2731.74     2960.00
    63661.52    39314.69     2741.45     2970.00
    63660.05    39312.89     2751.18     2980.00
    63658.64    39311.21     2760.94     2990.00
    63657.31    39309.61     2770.72     3000.00
    63656.06    39308.09     2780.52     3010.00
    63654.87    39306.61     2790.34     3020.00
    63653.64    39305.12     2800.15     3030.00
    63652.38    39303.63     2809.96     3040.00
    63651.12    39302.15     2819.77     3050.00
    63649.91    39300.71     2829.59     3060.00
    63648.75    39299.32     2839.43     3070.00
    63647.61    39297.99     2849.27     3080.00
    63646.48    39296.75     2859.13     3090.00
    63645.35    39295.62     2869.00     3100.00
    63644.26    39294.60     2878.89     3110.00
    63643.22    39293.66     2888.79     3120.00
    63642.22    39292.76     2898.70     3130.00
    63641.26    39291.87     2908.61     3140.00
    63640.35    39291.01     2918.53     3150.00
    63639.52    39290.17     2928.46     3160.00
    63638.75    39289.37     2938.40     3170.00
    63638.03    39288.58     2948.35     3180.00
    63637.36    39287.83     2958.29     3190.00
    63636.71    39287.10     2968.25     3200.00
    63636.09    39286.40     2978.20     3210.00
    63635.50    39285.72     2988.16     3220.00
    63634.98    39285.06     2998.13     3230.00
    63634.51    39284.42     3008.10     3240.00
    63634.05    39283.78     3018.06     3250.00
    63633.61    39283.14     3028.03     3260.00
    63633.15    39282.51     3038.00     3270.00
    63632.69    39281.90     3047.97     3280.00
    63632.23    39281.29     3057.95     3290.00
    63631.78    39280.71     3067.92     3300.00
    63631.32    39280.12     3077.89     3310.00
    63630.84    39279.55     3087.86     3320.00
    63630.35    39278.98     3097.83     3330.00
    63630.17    39278.76     3101.82     3334.00
