#  X  Y  TVDSS  MD
Name   597
    65019.80    44877.00        9.42       60.00
    65019.85    44877.18       19.42       70.00
    65019.90    44877.38       29.42       80.00
    65019.96    44877.58       39.41       90.00
    65020.04    44877.89       49.41      100.00
    65019.67    44878.22       59.40      110.00
    65019.01    44877.96       69.37      120.00
    65018.17    44877.58       79.33      130.00
    65017.19    44877.10       89.27      140.00
    65016.09    44876.47       99.19      150.00
    65014.83    44875.70      109.08      160.00
    65013.45    44874.81      118.94      170.00
    65011.99    44873.80      128.78      180.00
    65010.50    44872.70      138.61      190.00
    65008.98    44871.54      148.43      200.00
    65007.36    44870.31      158.22      210.00
    65005.59    44868.93      167.96      220.00
    65003.73    44867.39      177.67      230.00
    65001.81    44865.74      187.34      240.00
    64999.81    44863.99      196.98      250.00
    64997.73    44862.17      206.59      260.00
    64995.59    44860.30      216.18      270.00
    64993.46    44858.37      225.76      280.00
    64991.36    44856.34      235.32      290.00
    64989.22    44854.26      244.87      300.00
    64987.05    44852.11      254.39      310.00
    64984.88    44849.86      263.89      320.00
    64982.61    44847.54      273.34      330.00
    64980.25    44845.17      282.77      340.00
    64977.84    44842.75      292.17      350.00
    64975.32    44840.30      301.53      360.00
    64972.69    44837.88      310.87      370.00
    64970.00    44835.49      320.20      380.00
    64967.31    44833.14      329.54      390.00
    64964.66    44830.82      338.90      400.00
    64962.08    44828.53      348.28      410.00
    64959.58    44826.23      357.69      420.00
    64957.19    44823.91      367.12      430.00
    64954.94    44821.52      376.57      440.00
    64952.80    44819.09      386.03      450.00
    64950.72    44816.65      395.50      460.00
    64948.64    44814.16      404.96      470.00
    64946.54    44811.65      414.41      480.00
    64944.42    44809.14      423.85      490.00
    64942.25    44806.64      433.29      500.00
    64940.07    44804.12      442.72      510.00
    64937.87    44801.57      452.13      520.00
    64935.55    44799.03      461.52      530.00
    64933.20    44796.49      470.90      540.00
    64930.90    44793.89      480.28      550.00
    64928.63    44791.26      489.66      560.00
    64926.37    44788.65      499.04      570.00
    64924.15    44786.08      508.45      580.00
    64921.92    44783.54      517.86      590.00
    64919.67    44781.04      527.28      600.00
    64917.46    44778.58      536.72      610.00
    64915.28    44776.18      546.17      620.00
    64913.09    44773.82      555.65      630.00
    64910.91    44771.51      565.13      640.00
    64908.70    44769.25      574.61      650.00
    64906.44    44767.02      584.10      660.00
    64904.16    44764.77      593.57      670.00
    64901.88    44762.51      603.04      680.00
    64899.61    44760.27      612.52      690.00
    64897.35    44758.00      621.99      700.00
    64895.09    44755.73      631.46      710.00
    64892.80    44753.43      640.92      720.00
    64890.49    44751.11      650.37      730.00
    64888.19    44748.76      659.82      740.00
    64885.92    44746.31      669.24      750.00
    64883.68    44743.81      678.66      760.00
    64881.47    44741.26      688.07      770.00
    64879.31    44738.62      697.48      780.00
    64877.17    44735.92      706.86      790.00
    64875.06    44733.16      716.24      800.00
    64872.98    44730.38      725.62      810.00
    64870.95    44727.62      735.01      820.00
    64868.96    44724.88      744.42      830.00
    64866.99    44722.10      753.82      840.00
    64865.07    44719.29      763.23      850.00
    64863.22    44716.53      772.66      860.00
    64861.41    44713.77      782.10      870.00
    64859.61    44711.00      791.54      880.00
    64857.79    44708.23      800.97      890.00
    64855.94    44705.52      810.42      900.00
    64854.05    44703.00      819.91      910.00
    64852.14    44700.79      829.47      920.00
    64850.25    44698.89      839.11      930.00
    64848.37    44697.31      848.80      940.00
    64846.47    44696.04      858.54      950.00
    64844.51    44695.06      868.29      960.00
    64842.48    44694.34      878.06      970.00
    64840.36    44693.88      887.82      980.00
    64838.16    44693.72      897.57      990.00
    64835.91    44693.84      907.32     1000.00
    64833.68    44694.14      917.06     1010.00
    64831.57    44694.55      926.83     1020.00
    64829.70    44694.99      936.64     1030.00
    64828.11    44695.50      946.50     1040.00
    64826.78    44696.12      956.39     1050.00
    64825.65    44696.85      966.30     1060.00
    64824.67    44697.72      976.21     1070.00
    64823.89    44698.76      986.13     1080.00
    64823.30    44699.94      996.04     1090.00
    64822.85    44701.23     1005.95     1100.00
    64822.53    44702.54     1015.86     1110.00
    64822.34    44703.84     1025.77     1120.00
    64822.23    44705.11     1035.69     1130.00
    64822.17    44706.39     1045.61     1140.00
    64822.11    44707.73     1055.52     1150.00
    64822.02    44709.17     1065.41     1160.00
    64821.89    44710.79     1075.28     1170.00
    64821.70    44712.58     1085.12     1180.00
    64821.42    44714.50     1094.92     1190.00
    64821.05    44716.56     1104.70     1200.00
    64820.59    44718.79     1114.44     1210.00
    64820.08    44721.18     1124.14     1220.00
    64819.56    44723.72     1133.80     1230.00
    64819.07    44726.44     1143.41     1240.00
    64818.60    44729.35     1152.96     1250.00
    64818.15    44732.49     1162.44     1260.00
    64817.73    44735.85     1171.86     1270.00
    64817.27    44739.32     1181.22     1280.00
    64816.75    44742.94     1190.53     1290.00
    64816.20    44746.76     1199.76     1300.00
    64815.59    44750.76     1208.90     1310.00
    64814.93    44754.91     1217.97     1320.00
    64814.21    44759.14     1227.00     1330.00
    64813.44    44763.43     1236.01     1340.00
    64812.62    44767.80     1244.96     1350.00
    64811.75    44772.22     1253.89     1360.00
    64810.92    44776.64     1262.82     1370.00
    64810.09    44781.07     1271.75     1380.00
    64809.25    44785.54     1280.65     1390.00
    64808.48    44790.08     1289.53     1400.00
    64807.75    44794.62     1298.41     1410.00
    64806.98    44799.14     1307.30     1420.00
    64806.14    44803.62     1316.20     1430.00
    64805.23    44808.01     1325.14     1440.00
    64804.30    44812.34     1334.10     1450.00
    64803.37    44816.65     1343.08     1460.00
    64802.46    44820.88     1352.10     1470.00
    64801.57    44825.01     1361.16     1480.00
    64800.69    44829.12     1370.23     1490.00
    64799.81    44833.21     1379.31     1500.00
    64798.93    44837.32     1388.39     1510.00
    64798.05    44841.42     1397.47     1520.00
    64797.16    44845.52     1406.54     1530.00
    64796.25    44849.58     1415.64     1540.00
    64795.29    44853.54     1424.77     1550.00
    64794.33    44857.50     1433.90     1560.00
    64793.38    44861.57     1442.99     1570.00
    64792.41    44865.74     1452.02     1580.00
    64791.38    44869.98     1461.02     1590.00
    64790.26    44874.26     1469.99     1600.00
    64789.09    44878.59     1478.93     1610.00
    64787.86    44882.97     1487.83     1620.00
    64786.60    44887.33     1496.74     1630.00
    64785.32    44891.61     1505.69     1640.00
    64784.02    44895.83     1514.66     1650.00
    64782.76    44900.05     1523.64     1660.00
    64781.57    44904.31     1532.61     1670.00
    64780.40    44908.61     1541.56     1680.00
    64779.28    44912.91     1550.52     1690.00
    64778.22    44917.12     1559.53     1700.00
    64777.17    44921.27     1568.56     1710.00
    64776.14    44925.38     1577.62     1720.00
    64775.14    44929.49     1586.69     1730.00
    64774.18    44933.63     1595.74     1740.00
    64773.13    44937.75     1604.79     1750.00
    64771.99    44941.86     1613.83     1760.00
    64770.80    44945.96     1622.88     1770.00
    64769.61    44950.08     1631.91     1780.00
    64768.41    44954.20     1640.94     1790.00
    64767.24    44958.28     1650.00     1800.00
    64766.06    44962.33     1659.06     1810.00
    64764.89    44966.37     1668.14     1820.00
    64763.77    44970.38     1677.23     1830.00
    64762.79    44974.42     1686.32     1840.00
    64761.98    44978.52     1695.41     1850.00
    64761.20    44982.67     1704.47     1860.00
    64760.38    44986.82     1713.53     1870.00
    64759.53    44990.96     1722.60     1880.00
    64758.65    44995.08     1731.66     1890.00
    64757.76    44999.21     1740.73     1900.00
    64756.91    45003.32     1749.80     1910.00
    64756.06    45007.43     1758.88     1920.00
    64755.18    45011.56     1767.95     1930.00
    64754.25    45015.67     1777.02     1940.00
    64753.27    45019.74     1786.10     1950.00
    64752.25    45023.78     1795.19     1960.00
    64751.24    45027.80     1804.29     1970.00
    64750.23    45031.79     1813.40     1980.00
    64749.24    45035.73     1822.54     1990.00
    64748.23    45039.60     1831.71     2000.00
    64747.20    45043.41     1840.89     2010.00
    64746.18    45047.18     1850.10     2020.00
    64745.20    45050.92     1859.32     2030.00
    64744.33    45054.66     1868.55     2040.00
    64743.50    45058.35     1877.81     2050.00
    64742.67    45061.91     1887.12     2060.00
    64741.87    45065.46     1896.44     2070.00
    64741.16    45069.06     1905.74     2080.00
    64740.58    45072.67     1915.04     2090.00
    64740.13    45076.31     1924.35     2100.00
    64739.76    45080.03     1933.62     2110.00
    64739.38    45083.85     1942.86     2120.00
    64738.96    45087.75     1952.06     2130.00
    64738.51    45091.67     1961.24     2140.00
    64737.98    45095.58     1970.43     2150.00
    64737.45    45099.51     1979.61     2160.00
    64736.95    45103.50     1988.77     2170.00
    64736.44    45107.57     1997.89     2180.00
    64735.93    45111.70     2006.98     2190.00
    64735.44    45115.85     2016.07     2200.00
    64735.00    45120.01     2025.15     2210.00
    64734.51    45124.18     2034.23     2220.00
    64733.96    45128.30     2043.32     2230.00
    64733.34    45132.34     2052.45     2240.00
    64732.67    45136.30     2061.61     2250.00
    64731.94    45140.22     2070.78     2260.00
    64731.16    45144.15     2079.94     2270.00
    64730.42    45148.08     2089.10     2280.00
    64729.72    45152.02     2098.27     2290.00
    64729.02    45155.91     2107.45     2300.00
    64728.30    45159.77     2116.65     2310.00
    64727.53    45163.64     2125.84     2320.00
    64726.73    45167.54     2135.01     2330.00
    64725.92    45171.50     2144.16     2340.00
    64725.12    45175.54     2153.27     2350.00
    64724.29    45179.57     2162.39     2360.00
    64723.44    45183.52     2171.53     2370.00
    64722.61    45187.40     2180.71     2380.00
    64721.80    45191.17     2189.94     2390.00
    64721.03    45194.90     2199.19     2400.00
    64720.28    45198.69     2208.41     2410.00
    64719.53    45202.51     2217.62     2420.00
    64718.81    45206.32     2226.84     2430.00
    64718.15    45210.03     2236.10     2440.00
    64717.50    45213.64     2245.40     2450.00
    64716.90    45217.21     2254.72     2460.00
    64716.33    45220.75     2264.06     2470.00
    64715.74    45224.19     2273.43     2480.00
    64715.18    45227.52     2282.84     2490.00
    64714.65    45230.78     2292.28     2500.00
    64714.13    45234.03     2301.73     2510.00
    64713.62    45237.23     2311.19     2520.00
    64713.15    45240.32     2320.68     2530.00
    64712.75    45243.29     2330.23     2540.00
    64712.44    45246.14     2339.81     2550.00
    64712.24    45248.91     2349.41     2560.00
    64712.12    45251.62     2359.04     2570.00
    64711.99    45254.27     2368.68     2580.00
    64711.83    45256.83     2378.34     2590.00
    64711.63    45259.27     2388.04     2600.00
    64711.42    45261.60     2397.76     2610.00
    64711.21    45263.78     2407.52     2620.00
    64711.04    45265.86     2417.30     2630.00
    64710.93    45267.85     2427.10     2640.00
    64710.77    45269.76     2436.92     2650.00
    64710.57    45271.65     2446.73     2660.00
    64710.34    45273.59     2456.54     2670.00
    64710.10    45275.56     2466.34     2680.00
    64709.87    45277.53     2476.14     2690.00
    64709.68    45279.49     2485.95     2700.00
    64709.50    45281.41     2495.76     2710.00
    64709.35    45283.31     2505.57     2720.00
    64709.21    45285.25     2515.38     2730.00
    64709.06    45287.22     2525.19     2740.00
    64708.90    45289.20     2534.99     2750.00
    64708.73    45291.11     2544.80     2760.00
    64708.57    45292.96     2554.63     2770.00
    64708.40    45294.76     2564.46     2780.00
    64708.30    45296.46     2574.32     2790.00
    64708.26    45298.03     2584.19     2800.00
    64708.26    45299.51     2594.08     2810.00
    64708.26    45300.93     2603.98     2820.00
    64708.25    45302.31     2613.89     2830.00
    64708.25    45303.63     2623.80     2840.00
    64708.26    45304.90     2633.72     2850.00
    64708.28    45306.12     2643.64     2860.00
    64708.29    45307.29     2653.57     2870.00
    64708.32    45308.41     2663.51     2880.00
    64708.36    45309.51     2673.45     2890.00
    64708.37    45310.61     2683.39     2900.00
    64708.37    45311.70     2693.33     2910.00
    64708.36    45312.82     2703.27     2920.00
    64708.30    45313.94     2713.20     2930.00
    64708.18    45314.99     2723.15     2940.00
    64708.05    45316.02     2733.09     2950.00
    64707.89    45317.02     2743.04     2960.00
    64707.71    45317.96     2753.00     2970.00
    64707.51    45318.87     2762.95     2980.00
    64707.29    45319.79     2772.91     2990.00
    64707.06    45320.68     2782.87     3000.00
    64706.84    45321.54     2792.83     3010.00
    64706.63    45322.36     2802.79     3020.00
    64706.43    45323.16     2812.76     3030.00
    64706.23    45324.01     2822.72     3040.00
    64706.01    45324.93     2832.67     3050.00
    64705.75    45325.89     2842.62     3060.00
    64705.47    45326.80     2852.58     3070.00
    64705.19    45327.62     2862.54     3080.00
    64704.91    45328.38     2872.51     3090.00
    64704.63    45329.14     2882.48     3100.00
    64704.37    45329.89     2892.44     3110.00
    64704.09    45330.66     2902.41     3120.00
    64703.80    45331.45     2912.37     3130.00
    64703.52    45332.25     2922.34     3140.00
    64703.27    45333.02     2932.31     3150.00
    64703.07    45333.74     2942.28     3160.00
    64702.93    45334.37     2952.26     3170.00
    64702.84    45334.93     2962.24     3180.00
    64702.76    45335.48     2972.23     3190.00
    64702.66    45336.03     2982.21     3200.00
    64702.55    45336.59     2992.19     3210.00
    64702.44    45337.15     3002.18     3220.00
    64702.39    45337.42     3007.17     3225.00
