#  X  Y  TVDSS  MD
Name   59ок
    64340.20    40080.30      -32.08       20.00
    64340.33    40080.21      -22.11       30.00
    64340.44    40080.13      -12.15       40.00
    64340.54    40080.06       -2.18       50.00
    64340.61    40080.02        7.78       60.00
    64340.65    40079.98       17.75       70.00
    64340.70    40079.95       27.71       80.00
    64340.78    40079.89       37.68       90.00
    64340.86    40079.84       47.64      100.00
    64340.93    40079.79       57.61      110.00
    64341.00    40079.74       67.56      120.00
    64341.06    40079.70       77.53      130.00
    64341.13    40079.65       87.49      140.00
    64341.19    40079.61       97.46      150.00
    64341.24    40079.58      107.42      160.00
    64341.30    40079.53      117.39      170.00
    64341.36    40079.49      127.35      180.00
    64341.41    40079.46      137.32      190.00
    64341.44    40079.43      147.28      200.00
    64341.48    40079.41      157.25      210.00
    64341.54    40079.36      167.21      220.00
    64341.62    40079.31      177.18      230.00
    64341.70    40079.25      187.14      240.00
    64341.78    40079.20      197.11      250.00
    64341.84    40079.15      207.07      260.00
    64341.89    40079.12      217.04      270.00
    64341.95    40079.08      227.00      280.00
    64342.01    40079.03      236.97      290.00
    64342.03    40079.02      246.93      300.00
    64342.05    40079.01      256.90      310.00
    64342.08    40078.99      266.86      320.00
    64342.15    40078.94      276.83      330.00
    64342.22    40078.89      286.80      340.00
    64342.31    40078.83      296.76      350.00
    64342.43    40078.74      306.73      360.00
    64342.66    40078.58      316.68      370.00
    64343.02    40078.35      326.64      380.00
    64343.46    40078.10      336.59      390.00
    64344.04    40077.86      346.54      400.00
    64344.69    40077.63      356.48      410.00
    64345.34    40077.36      366.42      420.00
    64346.04    40077.11      376.36      430.00
    64346.75    40076.84      386.30      440.00
    64347.49    40076.55      396.23      450.00
    64348.26    40076.24      406.16      460.00
    64349.05    40075.91      416.08      470.00
    64349.86    40075.56      426.02      480.00
    64350.68    40075.19      435.93      490.00
    64351.50    40074.79      445.86      500.00
    64352.29    40074.36      455.78      510.00
    64353.06    40073.88      465.71      520.00
    64353.85    40073.39      475.63      530.00
    64354.61    40072.82      485.55      540.00
    64355.33    40072.18      495.47      550.00
    64356.06    40071.55      505.39      560.00
    64356.78    40070.89      515.30      570.00
    64357.51    40070.22      525.22      580.00
    64358.22    40069.57      535.14      590.00
    64358.92    40068.94      545.06      600.00
    64359.62    40068.31      554.98      610.00
    64360.28    40067.72      564.91      620.00
    64360.91    40067.18      574.83      630.00
    64361.53    40066.65      584.77      640.00
    64362.12    40066.16      594.70      650.00
    64362.70    40065.68      604.64      660.00
    64363.30    40065.20      614.57      670.00
    64363.88    40064.74      624.52      680.00
    64364.44    40064.29      634.46      690.00
    64365.01    40063.82      644.39      700.00
    64365.64    40063.32      654.33      710.00
    64366.35    40062.74      664.25      720.00
    64367.12    40062.13      674.17      730.00
    64367.91    40061.51      684.08      740.00
    64368.76    40060.93      693.99      750.00
    64369.74    40060.44      703.89      760.00
    64370.79    40059.93      713.80      770.00
    64371.83    40059.25      723.68      780.00
    64372.85    40058.48      733.57      790.00
    64373.88    40057.71      743.44      800.00
    64374.91    40056.93      753.33      810.00
    64375.93    40056.16      763.21      820.00
    64376.99    40055.51      773.10      830.00
    64378.07    40055.08      782.99      840.00
    64379.14    40054.92      792.90      850.00
    64380.14    40055.04      802.81      860.00
    64381.03    40055.33      812.74      870.00
    64381.82    40055.71      822.66      880.00
    64382.53    40056.23      832.59      890.00
    64383.16    40056.95      842.51      900.00
    64383.69    40057.80      852.43      910.00
    64384.16    40058.72      862.33      920.00
    64384.46    40059.71      872.25      930.00
    64384.51    40060.73      882.16      940.00
    64384.37    40061.76      892.07      950.00
    64384.10    40062.82      901.97      960.00
    64383.71    40063.94      911.87      970.00
    64383.19    40065.18      921.74      980.00
    64382.55    40066.55      931.59      990.00
    64381.80    40068.09      941.41     1000.00
    64380.97    40069.74      951.21     1010.00
    64380.10    40071.46      960.99     1020.00
    64379.20    40073.20      970.75     1030.00
    64378.28    40074.95      980.53     1040.00
    64377.32    40076.75      990.28     1050.00
    64376.30    40078.63     1000.01     1060.00
    64375.22    40080.61     1009.72     1070.00
    64374.10    40082.67     1019.41     1080.00
    64372.91    40084.81     1029.06     1090.00
    64371.62    40087.06     1038.69     1100.00
    64370.29    40089.42     1048.28     1110.00
    64368.98    40091.87     1057.86     1120.00
    64367.59    40094.41     1067.39     1130.00
    64366.02    40097.03     1076.88     1140.00
    64364.32    40099.74     1086.31     1150.00
    64362.53    40102.58     1095.70     1160.00
    64360.64    40105.55     1105.02     1170.00
    64358.65    40108.64     1114.29     1180.00
    64356.59    40111.84     1123.50     1190.00
    64354.51    40115.14     1132.68     1200.00
    64352.41    40118.59     1141.79     1210.00
    64350.32    40122.21     1150.84     1220.00
    64348.23    40125.97     1159.83     1230.00
    64346.18    40129.81     1168.80     1240.00
    64344.09    40133.73     1177.72     1250.00
    64341.88    40137.73     1186.58     1260.00
    64339.58    40141.84     1195.37     1270.00
    64337.18    40146.08     1204.07     1280.00
    64334.74    40150.43     1212.70     1290.00
    64332.32    40154.87     1221.29     1300.00
    64329.97    40159.46     1229.82     1310.00
    64327.77    40164.21     1238.31     1320.00
    64325.58    40169.02     1246.76     1330.00
    64323.28    40173.77     1255.22     1340.00
    64320.93    40178.51     1263.68     1350.00
    64318.61    40183.29     1272.12     1360.00
    64316.33    40188.10     1280.55     1370.00
    64314.08    40192.93     1288.97     1380.00
    64311.85    40197.76     1297.41     1390.00
    64309.63    40202.53     1305.87     1400.00
    64307.43    40207.25     1314.38     1410.00
    64305.24    40211.90     1322.92     1420.00
    64303.05    40216.50     1331.49     1430.00
    64300.83    40221.08     1340.06     1440.00
    64298.60    40225.64     1348.65     1450.00
    64296.35    40230.21     1357.21     1460.00
    64294.04    40234.72     1365.80     1470.00
    64291.65    40239.11     1374.42     1480.00
    64289.26    40243.42     1383.09     1490.00
    64286.98    40247.67     1391.81     1500.00
    64284.71    40251.88     1400.56     1510.00
    64282.38    40256.09     1409.29     1520.00
    64280.03    40260.35     1418.00     1530.00
    64277.72    40264.72     1426.65     1540.00
    64275.39    40269.16     1435.27     1550.00
    64272.96    40273.63     1443.84     1560.00
    64270.50    40278.12     1452.40     1570.00
    64268.04    40282.62     1460.95     1580.00
    64265.60    40287.13     1469.50     1590.00
    64263.22    40291.68     1478.04     1600.00
    64260.84    40296.26     1486.58     1610.00
    64258.46    40300.89     1495.08     1620.00
    64256.08    40305.56     1503.57     1630.00
    64253.72    40310.26     1512.03     1640.00
    64251.36    40314.92     1520.53     1650.00
    64249.00    40319.50     1529.06     1660.00
    64246.69    40324.01     1537.65     1670.00
    64244.49    40328.49     1546.27     1680.00
    64242.34    40332.97     1554.92     1690.00
    64240.16    40337.49     1563.55     1700.00
    64237.95    40342.03     1572.13     1710.00
    64235.67    40346.61     1580.70     1720.00
    64233.37    40351.22     1589.23     1730.00
    64231.06    40355.87     1597.74     1740.00
    64228.75    40360.52     1606.25     1750.00
    64226.46    40365.16     1614.78     1760.00
    64224.20    40369.80     1623.30     1770.00
    64221.95    40374.50     1631.81     1780.00
    64219.70    40379.20     1640.30     1790.00
    64217.45    40383.86     1648.83     1800.00
    64215.15    40388.47     1657.36     1810.00
    64212.77    40393.01     1665.92     1820.00
    64210.36    40397.53     1674.46     1830.00
    64207.96    40402.09     1683.01     1840.00
    64205.54    40406.66     1691.52     1850.00
    64203.07    40411.25     1700.03     1860.00
    64200.65    40415.82     1708.54     1870.00
    64198.39    40420.35     1717.14     1880.00
    64196.19    40424.86     1725.75     1890.00
    64193.96    40429.42     1734.34     1900.00
    64191.66    40434.01     1742.88     1910.00
    64189.27    40438.61     1751.40     1920.00
    64186.78    40443.24     1759.87     1930.00
    64184.20    40447.89     1768.30     1940.00
    64181.60    40452.51     1776.74     1950.00
    64179.07    40457.07     1785.25     1960.00
    64176.63    40461.59     1793.78     1970.00
    64174.25    40466.10     1802.36     1980.00
    64171.90    40470.61     1810.93     1990.00
    64169.51    40475.13     1819.49     2000.00
    64167.04    40479.62     1828.04     2010.00
    64164.45    40484.04     1836.60     2020.00
    64161.83    40488.40     1845.18     2030.00
    64159.24    40492.73     1853.77     2040.00
    64156.63    40497.02     1862.39     2050.00
    64153.96    40501.29     1870.99     2060.00
    64151.29    40505.54     1879.61     2070.00
    64148.66    40509.78     1888.24     2080.00
    64146.08    40514.04     1896.88     2090.00
    64143.54    40518.37     1905.49     2100.00
    64141.05    40522.78     1914.08     2110.00
    64138.62    40527.29     1922.62     2120.00
    64136.18    40531.84     1931.16     2130.00
    64133.68    40536.34     1939.69     2140.00
    64131.14    40540.81     1948.24     2150.00
    64128.57    40545.27     1956.78     2160.00
    64126.00    40549.71     1965.33     2170.00
    64123.44    40554.16     1973.87     2180.00
    64120.89    40558.63     1982.41     2190.00
    64118.34    40563.15     1990.92     2200.00
    64115.82    40567.74     1999.41     2210.00
    64113.31    40572.41     2007.85     2220.00
    64110.83    40577.14     2016.27     2230.00
    64108.41    40581.89     2024.69     2240.00
    64106.00    40586.65     2033.12     2250.00
    64103.58    40591.41     2041.54     2260.00
    64101.14    40596.16     2049.96     2270.00
    64098.67    40600.89     2058.38     2280.00
    64096.19    40605.61     2066.81     2290.00
    64093.68    40610.32     2075.23     2300.00
    64091.16    40615.03     2083.65     2310.00
    64088.65    40619.76     2092.05     2320.00
    64086.14    40624.47     2100.48     2330.00
    64083.64    40629.10     2108.95     2340.00
    64081.18    40633.68     2117.46     2350.00
    64078.78    40638.22     2126.01     2360.00
    64076.41    40642.73     2134.58     2370.00
    64074.01    40647.18     2143.17     2380.00
    64071.61    40651.61     2151.77     2390.00
    64069.24    40656.04     2160.38     2400.00
    64066.90    40660.51     2168.98     2410.00
    64064.59    40665.07     2177.54     2420.00
    64062.28    40669.69     2186.06     2430.00
    64059.95    40674.39     2194.55     2440.00
    64057.66    40679.07     2203.04     2450.00
    64055.48    40683.67     2211.62     2460.00
    64053.44    40688.26     2220.23     2470.00
    64051.45    40692.81     2228.88     2480.00
    64049.44    40697.36     2237.52     2490.00
    64047.43    40701.89     2246.17     2500.00
    64045.40    40706.40     2254.82     2510.00
    64043.42    40710.96     2263.47     2520.00
    64041.45    40715.55     2272.09     2530.00
    64039.49    40720.20     2280.69     2540.00
    64037.57    40724.89     2289.27     2550.00
    64035.67    40729.66     2297.82     2560.00
    64033.78    40734.51     2306.33     2570.00
    64031.86    40739.33     2314.84     2580.00
    64029.93    40744.12     2323.37     2590.00
    64028.02    40748.87     2331.93     2600.00
    64026.23    40753.65     2340.49     2610.00
    64024.60    40758.50     2349.05     2620.00
    64022.97    40763.34     2357.61     2630.00
    64021.36    40768.19     2366.17     2640.00
    64019.79    40773.06     2374.72     2650.00
    64018.21    40777.88     2383.31     2660.00
    64016.70    40782.67     2391.92     2670.00
    64015.34    40787.47     2400.55     2680.00
    64014.10    40792.26     2409.22     2690.00
    64013.01    40797.08     2417.87     2700.00
    64012.02    40801.97     2426.51     2710.00
    64011.06    40806.93     2435.10     2720.00
    64010.13    40811.94     2443.67     2730.00
    64009.23    40817.07     2452.17     2740.00
    64008.38    40822.33     2460.60     2750.00
    64007.54    40827.71     2468.95     2760.00
    64006.70    40833.16     2477.26     2770.00
    64005.93    40838.63     2485.55     2780.00
    64005.32    40844.02     2493.93     2790.00
    64004.92    40849.24     2502.41     2800.00
    64004.62    40854.38     2510.95     2810.00
    64004.30    40859.48     2519.50     2820.00
    64004.00    40864.49     2528.13     2830.00
    64003.69    40869.32     2536.83     2840.00
    64003.36    40874.07     2545.60     2850.00
    64002.98    40878.85     2554.33     2860.00
    64002.60    40883.70     2563.04     2870.00
    64002.22    40888.67     2571.67     2880.00
    64001.85    40893.80     2580.22     2890.00
    64001.53    40899.06     2588.67     2900.00
    64001.25    40904.38     2597.11     2910.00
    64000.99    40909.72     2605.52     2920.00
    64000.71    40915.02     2613.97     2930.00
    64000.40    40920.20     2622.47     2940.00
    64000.06    40925.25     2631.07     2950.00
    63999.72    40930.15     2639.74     2960.00
    63999.39    40934.94     2648.48     2970.00
    63999.05    40939.69     2657.23     2980.00
    63998.70    40944.41     2666.01     2990.00
    63998.33    40949.09     2674.80     3000.00
    63997.89    40953.75     2683.61     3010.00
    63997.42    40958.43     2692.39     3020.00
    63996.88    40963.08     2701.20     3030.00
    63996.20    40967.75     2709.98     3040.00
    63995.44    40972.49     2718.72     3050.00
    63994.66    40977.29     2727.43     3060.00
    63993.89    40982.13     2736.10     3070.00
    63993.13    40987.05     2744.75     3080.00
    63992.34    40992.07     2753.32     3090.00
    63991.56    40997.08     2761.90     3100.00
    63990.80    41001.93     2770.58     3110.00
    63990.12    41006.60     2779.37     3120.00
    63989.50    41011.19     2788.19     3130.00
    63988.89    41015.70     2797.06     3140.00
    63988.27    41020.14     2805.96     3150.00
    63987.66    41024.59     2814.87     3160.00
    63987.04    41029.08     2823.79     3170.00
    63986.44    41033.59     2832.69     3180.00
    63985.87    41038.10     2841.60     3190.00
    63985.31    41042.59     2850.52     3200.00
    63984.67    41047.05     2859.45     3210.00
    63983.93    41051.48     2868.38     3220.00
    63983.09    41055.92     2877.30     3230.00
    63982.17    41060.33     2886.23     3240.00
    63981.24    41064.59     2895.23     3250.00
    63980.33    41068.62     2904.34     3260.00
    63979.43    41072.37     2913.56     3270.00
    63978.57    41075.87     2922.89     3280.00
    63977.76    41079.16     2932.30     3290.00
    63977.01    41082.26     2941.78     3300.00
    63976.29    41085.22     2951.30     3310.00
    63975.59    41088.08     2960.86     3320.00
    63974.91    41090.80     2970.46     3330.00
    63974.26    41093.31     2980.11     3340.00
    63973.66    41095.61     2989.83     3350.00
    63973.11    41097.69     2999.59     3360.00
    63972.60    41099.54     3009.41     3370.00
    63972.10    41101.26     3019.25     3380.00
    63971.62    41102.92     3029.10     3390.00
    63971.16    41104.53     3038.95     3400.00
    63970.75    41106.10     3048.82     3410.00
    63970.36    41107.61     3058.70     3420.00
    63970.01    41109.10     3068.58     3430.00
    63969.67    41110.56     3078.47     3440.00
    63969.33    41112.00     3088.36     3450.00
    63969.00    41113.41     3098.25     3460.00
    63968.97    41113.55     3099.24     3461.00
