#  X  Y  TVDSS  MD
Name   631
    58202.10    42269.70      -32.35       20.00
    58202.16    42269.93      -22.35       30.00
    58202.24    42270.22      -12.36       40.00
    58202.32    42270.54       -2.36       50.00
    58202.41    42270.88        7.63       60.00
    58202.51    42271.24       17.62       70.00
    58202.30    42271.55       27.62       80.00
    58201.92    42271.60       37.61       90.00
    58201.52    42271.65       47.60      100.00
    58201.09    42271.73       57.59      110.00
    58200.62    42271.82       67.58      120.00
    58200.13    42271.91       77.57      130.00
    58199.62    42271.99       87.56      140.00
    58199.08    42272.07       97.54      150.00
    58198.47    42272.14      107.52      160.00
    58197.75    42272.23      117.49      170.00
    58196.86    42272.36      127.45      180.00
    58195.78    42272.56      137.39      190.00
    58194.55    42272.84      147.31      200.00
    58193.25    42273.19      157.22      210.00
    58191.89    42273.59      167.12      220.00
    58190.42    42274.07      177.00      230.00
    58188.84    42274.69      186.86      240.00
    58187.17    42275.43      196.69      250.00
    58185.43    42276.27      206.50      260.00
    58183.63    42277.19      216.29      270.00
    58181.74    42278.12      226.07      280.00
    58179.78    42279.09      235.83      290.00
    58177.79    42280.12      245.57      300.00
    58175.72    42281.22      255.29      310.00
    58173.58    42282.37      264.99      320.00
    58171.37    42283.59      274.67      330.00
    58169.10    42284.89      284.32      340.00
    58166.81    42286.34      293.95      350.00
    58164.45    42287.84      303.55      360.00
    58161.94    42289.28      313.12      370.00
    58159.35    42290.71      322.67      380.00
    58156.70    42292.17      332.20      390.00
    58153.96    42293.68      341.71      400.00
    58151.24    42295.21      351.20      410.00
    58148.53    42296.80      360.70      420.00
    58145.80    42298.46      370.17      430.00
    58143.01    42300.16      379.63      440.00
    58140.21    42301.94      389.06      450.00
    58137.41    42303.85      398.47      460.00
    58134.60    42305.88      407.85      470.00
    58131.76    42308.01      417.19      480.00
    58128.85    42310.23      426.50      490.00
    58125.89    42312.57      435.76      500.00
    58122.95    42314.99      445.01      510.00
    58120.00    42317.41      454.25      520.00
    58116.98    42319.83      463.47      530.00
    58113.91    42322.27      472.67      540.00
    58110.77    42324.71      481.85      550.00
    58107.59    42327.18      491.00      560.00
    58104.41    42329.70      500.14      570.00
    58101.25    42332.24      509.28      580.00
    58098.13    42334.80      518.43      590.00
    58095.05    42337.38      527.59      600.00
    58091.98    42339.99      536.74      610.00
    58088.94    42342.66      545.88      620.00
    58085.89    42345.25      555.05      630.00
    58082.77    42347.72      564.23      640.00
    58079.60    42350.19      573.38      650.00
    58076.41    42352.71      582.52      660.00
    58073.25    42355.30      591.64      670.00
    58070.13    42358.00      600.75      680.00
    58067.00    42360.81      609.83      690.00
    58063.80    42363.68      618.86      700.00
    58060.55    42366.59      627.85      710.00
    58057.25    42369.54      636.82      720.00
    58053.90    42372.59      645.74      730.00
    58050.49    42375.76      654.58      740.00
    58046.95    42378.99      663.37      750.00
    58043.29    42382.27      672.07      760.00
    58039.53    42385.64      680.70      770.00
    58035.65    42389.05      689.27      780.00
    58031.64    42392.46      697.77      790.00
    58027.51    42395.91      706.20      800.00
    58023.25    42399.28      714.59      810.00
    58018.81    42402.49      722.95      820.00
    58014.18    42405.60      731.26      830.00
    58009.36    42408.59      739.50      840.00
    58004.45    42411.41      747.74      850.00
    57999.41    42414.08      755.95      860.00
    57994.15    42416.74      764.03      870.00
    57988.85    42419.48      772.05      880.00
    57983.57    42422.27      780.07      890.00
    57978.25    42425.09      788.06      900.00
    57972.80    42427.79      796.00      910.00
    57967.16    42430.46      803.82      920.00
    57961.32    42433.22      811.45      930.00
    57955.28    42435.96      818.93      940.00
    57949.12    42438.68      826.32      950.00
    57942.91    42441.43      833.66      960.00
    57936.71    42444.24      840.99      970.00
    57930.61    42447.07      848.39      980.00
    57924.60    42449.91      855.86      990.00
    57918.74    42452.88      863.40     1000.00
    57913.08    42456.00      871.03     1010.00
    57907.57    42459.17      878.75     1020.00
    57902.06    42462.26      886.50     1030.00
    57896.47    42465.22      894.24     1040.00
    57890.81    42468.03      901.99     1050.00
    57885.04    42470.76      909.70     1060.00
    57879.21    42473.58      917.32     1070.00
    57873.43    42476.58      924.90     1080.00
    57867.64    42479.51      932.52     1090.00
    57861.80    42482.27      940.15     1100.00
    57855.94    42485.12      947.73     1110.00
    57850.01    42488.05      955.23     1120.00
    57844.03    42491.02      962.68     1130.00
    57837.99    42493.95      970.09     1140.00
    57831.87    42496.78      977.47     1150.00
    57825.72    42499.70      984.80     1160.00
    57819.56    42502.75      992.06     1170.00
    57813.39    42505.87      999.29     1180.00
    57807.21    42509.00     1006.50     1190.00
    57801.04    42512.20     1013.69     1200.00
    57794.91    42515.43     1020.90     1210.00
    57788.87    42518.77     1028.13     1220.00
    57782.82    42522.10     1035.37     1230.00
    57776.76    42525.30     1042.65     1240.00
    57770.75    42528.55     1049.95     1250.00
    57764.76    42531.92     1057.22     1260.00
    57758.76    42535.23     1064.50     1270.00
    57752.70    42538.29     1071.84     1280.00
    57746.61    42541.25     1079.20     1290.00
    57740.51    42544.33     1086.50     1300.00
    57734.55    42547.55     1093.86     1310.00
    57728.73    42550.82     1101.30     1320.00
    57722.90    42554.04     1108.76     1330.00
    57717.11    42557.17     1116.29     1340.00
    57711.34    42560.34     1123.82     1350.00
    57705.49    42563.57     1131.25     1360.00
    57699.59    42566.69     1138.70     1370.00
    57693.73    42569.78     1146.20     1380.00
    57687.95    42573.11     1153.64     1390.00
    57682.18    42576.42     1161.11     1400.00
    57676.31    42579.72     1168.51     1410.00
    57670.40    42583.25     1175.75     1420.00
    57664.49    42586.99     1182.90     1430.00
    57658.55    42590.68     1190.05     1440.00
    57652.61    42594.30     1197.23     1450.00
    57646.79    42598.00     1204.48     1460.00
    57641.13    42601.72     1211.83     1470.00
    57635.62    42605.42     1219.31     1480.00
    57630.11    42608.98     1226.86     1490.00
    57624.55    42612.50     1234.40     1500.00
    57619.01    42616.08     1241.90     1510.00
    57613.44    42619.74     1249.36     1520.00
    57607.95    42623.57     1256.79     1530.00
    57602.45    42627.40     1264.21     1540.00
    57596.86    42631.15     1271.60     1550.00
    57591.22    42634.93     1278.95     1560.00
    57585.60    42638.78     1286.27     1570.00
    57580.01    42642.67     1293.60     1580.00
    57574.44    42646.55     1300.93     1590.00
    57568.85    42650.37     1308.30     1600.00
    57563.35    42654.21     1315.71     1610.00
    57557.97    42658.24     1323.12     1620.00
    57552.74    42662.45     1330.52     1630.00
    57547.51    42666.67     1337.93     1640.00
    57542.19    42670.73     1345.36     1650.00
    57536.96    42674.72     1352.89     1660.00
    57531.93    42678.70     1360.57     1670.00
    57527.05    42682.56     1368.40     1680.00
    57522.17    42686.36     1376.25     1690.00
    57517.33    42690.26     1384.08     1700.00
    57512.53    42694.27     1391.89     1710.00
    57507.68    42698.24     1399.68     1720.00
    57502.87    42702.12     1407.55     1730.00
    57498.09    42705.97     1415.44     1740.00
    57493.33    42709.81     1423.35     1750.00
    57488.60    42713.62     1431.30     1760.00
    57483.85    42717.44     1439.22     1770.00
    57479.08    42721.29     1447.12     1780.00
    57474.24    42725.19     1454.96     1790.00
    57469.25    42729.13     1462.68     1800.00
    57464.10    42733.14     1470.26     1810.00
    57458.86    42737.21     1477.73     1820.00
    57453.55    42741.34     1485.13     1830.00
    57448.16    42745.53     1492.43     1840.00
    57442.73    42749.75     1499.70     1850.00
    57437.37    42753.92     1507.04     1860.00
    57431.98    42758.11     1514.34     1870.00
    57426.49    42762.30     1521.58     1880.00
    57421.11    42766.33     1528.98     1890.00
    57415.88    42770.26     1536.54     1900.00
    57410.71    42774.13     1544.18     1910.00
    57405.56    42777.99     1551.83     1920.00
    57400.38    42781.88     1559.45     1930.00
    57395.11    42785.82     1566.98     1940.00
    57389.84    42789.78     1574.50     1950.00
    57384.48    42793.72     1581.97     1960.00
    57378.95    42797.72     1589.27     1970.00
    57373.34    42801.78     1596.49     1980.00
    57367.72    42805.84     1603.69     1990.00
    57362.12    42809.88     1610.93     2000.00
    57356.60    42813.87     1618.25     2010.00
    57351.07    42817.87     1625.56     2020.00
    57345.46    42821.93     1632.77     2030.00
    57339.86    42825.90     1640.05     2040.00
    57334.34    42829.74     1647.45     2050.00
    57328.87    42833.56     1654.89     2060.00
    57323.43    42837.35     1662.38     2070.00
    57318.11    42841.05     1670.00     2080.00
    57312.92    42844.67     1677.74     2090.00
    57307.72    42848.29     1685.48     2100.00
    57302.46    42851.95     1693.15     2110.00
    57297.15    42855.58     1700.81     2120.00
    57291.79    42859.18     1708.45     2130.00
    57286.42    42862.78     1716.08     2140.00
    57281.03    42866.40     1723.68     2150.00
    57275.62    42870.03     1731.27     2160.00
    57270.20    42873.67     1738.85     2170.00
    57264.76    42877.32     1746.40     2180.00
    57259.30    42880.98     1753.94     2190.00
    57253.82    42884.65     1761.46     2200.00
    57248.44    42888.41     1769.00     2210.00
    57243.26    42892.36     1776.59     2220.00
    57238.20    42896.43     1784.19     2230.00
    57233.20    42900.54     1791.82     2240.00
    57228.27    42904.65     1799.48     2250.00
    57223.34    42908.77     1807.14     2260.00
    57218.43    42912.94     1814.79     2270.00
    57213.56    42917.16     1822.44     2280.00
    57208.70    42921.36     1830.10     2290.00
    57203.91    42925.57     1837.81     2300.00
    57199.31    42929.84     1845.59     2310.00
    57194.88    42934.17     1853.44     2320.00
    57190.58    42938.53     1861.35     2330.00
    57186.37    42942.95     1869.27     2340.00
    57182.26    42947.41     1877.22     2350.00
    57178.29    42951.87     1885.24     2360.00
    57174.40    42956.32     1893.31     2370.00
    57170.52    42960.77     1901.38     2380.00
    57166.60    42965.25     1909.42     2390.00
    57162.70    42969.73     1917.46     2400.00
    57158.76    42974.16     1925.51     2410.00
    57154.76    42978.58     1933.54     2420.00
    57150.75    42983.01     1941.56     2430.00
    57146.70    42987.48     1949.54     2440.00
    57142.67    42992.01     1957.48     2450.00
    57138.71    42996.55     1965.47     2460.00
    57134.85    43000.96     1973.57     2470.00
    57131.09    43005.26     1981.78     2480.00
    57127.38    43009.51     1990.04     2490.00
    57123.61    43013.61     1998.34     2500.00
    57119.77    43017.50     2006.72     2510.00
    57116.00    43021.25     2015.18     2520.00
    57112.32    43024.91     2023.73     2530.00
    57108.76    43028.52     2032.35     2540.00
    57105.27    43032.11     2041.01     2550.00
    57101.80    43035.69     2049.68     2560.00
    57098.33    43039.27     2058.34     2570.00
    57094.91    43042.85     2067.03     2580.00
    57091.62    43046.43     2075.77     2590.00
    57088.43    43049.95     2084.57     2600.00
    57085.25    43053.41     2093.40     2610.00
    57082.03    43056.84     2102.22     2620.00
    57078.79    43060.30     2111.03     2630.00
    57075.56    43063.81     2119.82     2640.00
    57072.40    43067.36     2128.61     2650.00
    57069.30    43070.97     2137.41     2660.00
    57066.18    43074.48     2146.24     2670.00
    57063.03    43077.84     2155.11     2680.00
    57059.91    43081.17     2164.01     2690.00
    57056.81    43084.47     2172.93     2700.00
    57053.73    43087.70     2181.88     2710.00
    57050.64    43090.84     2190.86     2720.00
    57047.50    43093.91     2199.84     2730.00
    57044.24    43096.88     2208.82     2740.00
    57040.85    43099.76     2217.77     2750.00
    57037.34    43102.59     2226.70     2760.00
    57033.73    43105.30     2235.62     2770.00
    57030.05    43107.86     2244.56     2780.00
    57026.28    43110.34     2253.48     2790.00
    57022.42    43112.84     2262.36     2800.00
    57018.51    43115.36     2271.22     2810.00
    57014.57    43117.91     2280.04     2820.00
    57010.58    43120.48     2288.85     2830.00
    57006.55    43123.08     2297.62     2840.00
    57002.48    43125.71     2306.37     2850.00
    56998.37    43128.37     2315.09     2860.00
    56994.23    43131.04     2323.79     2870.00
    56990.06    43133.74     2332.47     2880.00
    56985.84    43136.46     2341.12     2890.00
    56981.62    43139.19     2349.76     2900.00
    56977.41    43141.91     2358.42     2910.00
    56973.26    43144.64     2367.09     2920.00
    56969.16    43147.39     2375.79     2930.00
    56965.03    43150.11     2384.49     2940.00
    56960.92    43152.76     2393.21     2950.00
    56956.99    43155.30     2402.05     2960.00
    56953.27    43157.71     2411.01     2970.00
    56949.64    43160.01     2420.04     2980.00
    56946.00    43162.23     2429.08     2990.00
    56942.32    43164.38     2438.13     3000.00
    56938.59    43166.48     2447.17     3010.00
    56934.85    43168.58     2456.20     3020.00
    56931.12    43170.72     2465.23     3030.00
    56927.44    43172.88     2474.27     3040.00
    56923.80    43175.10     2483.32     3050.00
    56920.16    43177.36     2492.35     3060.00
    56916.53    43179.62     2501.39     3070.00
    56912.90    43181.83     2510.45     3080.00
    56909.26    43184.05     2519.49     3090.00
    56905.51    43186.07     2528.54     3100.00
    56901.67    43187.89     2537.59     3110.00
    56897.87    43189.74     2546.65     3120.00
    56894.10    43191.56     2555.73     3130.00
    56890.39    43193.40     2564.84     3140.00
    56886.84    43195.16     2574.02     3150.00
    56883.49    43196.78     2583.30     3160.00
    56880.36    43198.33     2592.67     3170.00
    56877.43    43199.78     2602.12     3180.00
    56874.69    43201.08     2611.65     3190.00
    56872.14    43202.29     2621.24     3200.00
    56869.74    43203.48     2630.88     3210.00
    56867.48    43204.65     2640.55     3220.00
    56865.38    43205.86     2650.25     3230.00
    56863.35    43207.10     2659.96     3240.00
    56861.28    43208.35     2669.67     3250.00
    56859.19    43209.66     2679.36     3260.00
    56857.04    43211.02     2689.03     3270.00
    56854.83    43212.41     2698.68     3280.00
    56852.58    43213.76     2708.33     3290.00
    56850.22    43215.09     2717.96     3300.00
    56847.91    43216.31     2727.61     3310.00
    56845.87    43217.30     2737.35     3320.00
    56843.99    43218.13     2747.14     3330.00
    56842.22    43218.75     2756.96     3340.00
    56840.63    43219.11     2766.83     3350.00
    56839.24    43219.32     2776.73     3360.00
    56838.04    43219.42     2786.65     3370.00
    56837.01    43219.47     2796.60     3380.00
    56836.12    43219.51     2806.56     3390.00
    56835.30    43219.55     2816.53     3400.00
    56834.55    43219.60     2826.50     3410.00
    56833.92    43219.65     2836.48     3420.00
    56833.39    43219.74     2846.46     3430.00
    56832.87    43219.85     2856.45     3440.00
    56832.33    43219.96     2866.43     3450.00
    56831.74    43220.03     2876.42     3460.00
    56831.14    43220.03     2886.40     3470.00
    56830.57    43220.01     2896.38     3480.00
    56830.07    43220.04     2906.37     3490.00
    56829.65    43220.10     2916.36     3500.00
    56829.26    43220.14     2926.35     3510.00
    56828.90    43220.12     2936.35     3520.00
    56828.55    43220.05     2946.34     3530.00
    56828.22    43219.93     2956.33     3540.00
    56827.93    43219.82     2966.33     3550.00
    56827.75    43219.76     2973.33     3557.00
