#  X  Y  TVDSS  MD
Name   73
    62992.70    38174.70      -47.54       20.00
    62992.67    38174.41      -37.54       30.00
    62992.65    38174.19      -27.55       40.00
    62992.63    38173.98      -17.55       50.00
    62992.61    38173.71       -7.55       60.00
    62992.58    38173.40        2.44       70.00
    62992.55    38173.07       12.44       80.00
    62992.52    38172.75       22.43       90.00
    62992.49    38172.41       32.43      100.00
    62992.45    38171.96       42.42      110.00
    62992.41    38171.38       52.40      120.00
    62992.40    38170.71       62.38      130.00
    62992.36    38169.95       72.35      140.00
    62992.27    38169.16       82.32      150.00
    62992.15    38168.35       92.28      160.00
    62992.02    38167.47      102.24      170.00
    62991.80    38166.53      112.20      180.00
    62991.45    38165.49      122.14      190.00
    62990.95    38164.37      132.06      200.00
    62990.37    38163.19      141.97      210.00
    62989.73    38161.96      151.88      220.00
    62989.01    38160.71      161.77      230.00
    62988.15    38159.39      171.65      240.00
    62987.20    38158.01      181.51      250.00
    62986.20    38156.63      191.36      260.00
    62985.14    38155.26      201.21      270.00
    62983.95    38153.84      211.04      280.00
    62982.62    38152.53      220.86      290.00
    62981.23    38151.33      230.69      300.00
    62979.81    38150.17      240.52      310.00
    62978.31    38149.13      250.35      320.00
    62976.69    38148.19      260.19      330.00
    62974.92    38147.37      269.99      340.00
    62973.03    38146.67      279.79      350.00
    62971.00    38146.09      289.56      360.00
    62968.80    38145.67      299.31      370.00
    62966.49    38145.48      309.03      380.00
    62964.21    38145.29      318.77      390.00
    62962.08    38144.93      328.53      400.00
    62959.95    38144.60      338.30      410.00
    62957.73    38144.44      348.05      420.00
    62955.37    38144.39      357.77      430.00
    62952.86    38144.43      367.45      440.00
    62950.18    38144.59      377.08      450.00
    62947.38    38144.85      386.67      460.00
    62944.44    38145.25      396.22      470.00
    62941.36    38145.81      405.72      480.00
    62938.11    38146.56      415.15      490.00
    62934.70    38147.44      424.51      500.00
    62931.16    38148.38      433.81      510.00
    62927.52    38149.37      443.07      520.00
    62923.87    38150.46      452.32      530.00
    62920.30    38151.75      461.57      540.00
    62916.83    38153.09      470.85      550.00
    62913.46    38154.38      480.18      560.00
    62910.14    38155.66      489.52      570.00
    62906.83    38156.96      498.87      580.00
    62903.51    38158.28      508.21      590.00
    62900.17    38159.62      517.54      600.00
    62896.82    38160.93      526.87      610.00
    62893.47    38162.19      536.21      620.00
    62890.17    38163.41      545.57      630.00
    62886.92    38164.63      554.95      640.00
    62883.81    38165.84      564.38      650.00
    62880.86    38166.97      573.86      660.00
    62877.95    38168.03      583.37      670.00
    62875.05    38169.09      592.88      680.00
    62872.14    38170.21      602.38      690.00
    62869.19    38171.39      611.87      700.00
    62866.25    38172.54      621.36      710.00
    62863.34    38173.64      630.86      720.00
    62860.48    38174.69      640.38      730.00
    62857.68    38175.69      649.93      740.00
    62854.89    38176.68      659.48      750.00
    62852.05    38177.72      669.02      760.00
    62849.13    38178.77      678.52      770.00
    62846.09    38179.80      687.99      780.00
    62842.95    38180.77      697.44      790.00
    62839.72    38181.69      706.86      800.00
    62836.39    38182.58      716.24      810.00
    62832.91    38183.45      725.58      820.00
    62829.28    38184.27      734.86      830.00
    62825.49    38185.00      744.08      840.00
    62821.55    38185.64      753.25      850.00
    62817.46    38186.14      762.37      860.00
    62813.24    38186.61      771.42      870.00
    62808.90    38187.20      780.41      880.00
    62804.46    38187.94      789.34      890.00
    62799.92    38188.65      798.22      900.00
    62795.29    38189.20      807.07      910.00
    62790.59    38189.63      815.88      920.00
    62785.86    38189.97      824.69      930.00
    62781.16    38190.24      833.51      940.00
    62776.49    38190.44      842.35      950.00
    62771.87    38190.60      851.22      960.00
    62767.33    38190.76      860.14      970.00
    62762.87    38190.95      869.09      980.00
    62758.47    38191.18      878.06      990.00
    62754.08    38191.46      887.04     1000.00
    62749.73    38191.76      896.04     1010.00
    62745.45    38192.08      905.07     1020.00
    62741.18    38192.43      914.11     1030.00
    62736.88    38192.82      923.13     1040.00
    62732.57    38193.25      932.14     1050.00
    62728.27    38193.73      941.16     1060.00
    62723.96    38194.24      950.17     1070.00
    62719.64    38194.73      959.17     1080.00
    62715.30    38195.23      968.17     1090.00
    62710.93    38195.77      977.15     1100.00
    62706.56    38196.31      986.12     1110.00
    62702.21    38196.83      995.12     1120.00
    62697.87    38197.37     1004.11     1130.00
    62693.50    38198.00     1013.08     1140.00
    62689.06    38198.70     1022.01     1150.00
    62684.51    38199.44     1030.89     1160.00
    62679.86    38200.23     1039.70     1170.00
    62675.10    38201.07     1048.46     1180.00
    62670.27    38201.92     1057.17     1190.00
    62665.39    38202.75     1065.86     1200.00
    62660.54    38203.56     1074.57     1210.00
    62655.80    38204.37     1083.34     1220.00
    62651.17    38205.20     1092.16     1230.00
    62646.59    38206.10     1101.01     1240.00
    62642.08    38206.95     1109.89     1250.00
    62637.62    38207.64     1118.82     1260.00
    62633.24    38208.28     1127.78     1270.00
    62628.93    38208.96     1136.78     1280.00
    62624.70    38209.77     1145.81     1290.00
    62620.57    38210.77     1154.86     1300.00
    62616.47    38211.89     1163.91     1310.00
    62612.35    38213.04     1172.95     1320.00
    62608.24    38214.25     1181.98     1330.00
    62604.16    38215.55     1191.02     1340.00
    62600.09    38216.90     1200.06     1350.00
    62596.00    38218.24     1209.08     1360.00
    62591.89    38219.56     1218.10     1370.00
    62587.75    38220.87     1227.11     1380.00
    62583.58    38222.19     1236.10     1390.00
    62579.38    38223.56     1245.07     1400.00
    62575.13    38224.95     1254.02     1410.00
    62570.86    38226.32     1262.95     1420.00
    62566.61    38227.63     1271.91     1430.00
    62562.47    38228.84     1280.93     1440.00
    62558.37    38230.04     1289.98     1450.00
    62554.28    38231.31     1299.01     1460.00
    62550.19    38232.63     1308.04     1470.00
    62546.11    38234.00     1317.07     1480.00
    62542.03    38235.45     1326.08     1490.00
    62537.97    38236.98     1335.09     1500.00
    62533.94    38238.48     1344.12     1510.00
    62529.96    38239.79     1353.20     1520.00
    62526.01    38241.01     1362.31     1530.00
    62522.04    38242.21     1371.40     1540.00
    62518.04    38243.42     1380.49     1550.00
    62514.01    38244.66     1389.56     1560.00
    62509.96    38245.94     1398.61     1570.00
    62505.89    38247.25     1407.65     1580.00
    62501.78    38248.58     1416.67     1590.00
    62497.60    38249.91     1425.66     1600.00
    62493.38    38251.25     1434.63     1610.00
    62489.15    38252.61     1443.59     1620.00
    62484.94    38253.98     1452.56     1630.00
    62480.79    38255.32     1461.56     1640.00
    62476.71    38256.66     1470.59     1650.00
    62472.68    38258.00     1479.64     1660.00
    62468.68    38259.34     1488.71     1670.00
    62464.69    38260.70     1497.77     1680.00
    62460.69    38262.09     1506.83     1690.00
    62456.68    38263.52     1515.88     1700.00
    62452.67    38264.96     1524.93     1710.00
    62448.66    38266.38     1533.98     1720.00
    62444.63    38267.80     1543.02     1730.00
    62440.59    38269.26     1552.05     1740.00
    62436.58    38270.76     1561.09     1750.00
    62432.65    38272.33     1570.15     1760.00
    62428.75    38273.96     1579.21     1770.00
    62424.82    38275.62     1588.26     1780.00
    62420.85    38277.22     1597.29     1790.00
    62416.86    38278.85     1606.32     1800.00
    62412.95    38280.60     1615.35     1810.00
    62409.15    38282.45     1624.42     1820.00
    62405.45    38284.38     1633.50     1830.00
    62401.83    38286.36     1642.61     1840.00
    62398.24    38288.37     1651.73     1850.00
    62394.62    38290.35     1660.83     1860.00
    62390.93    38292.34     1669.91     1870.00
    62387.15    38294.35     1678.95     1880.00
    62383.32    38296.35     1687.97     1890.00
    62379.49    38298.35     1696.99     1900.00
    62375.66    38300.39     1706.00     1910.00
    62371.78    38302.44     1714.98     1920.00
    62367.83    38304.45     1723.95     1930.00
    62363.84    38306.39     1732.91     1940.00
    62359.87    38308.29     1741.89     1950.00
    62356.01    38310.18     1750.92     1960.00
    62352.21    38312.05     1759.98     1970.00
    62348.41    38313.89     1769.04     1980.00
    62344.59    38315.72     1778.10     1990.00
    62340.72    38317.58     1787.13     2000.00
    62336.83    38319.50     1796.14     2010.00
    62332.88    38321.38     1805.14     2020.00
    62328.88    38323.15     1814.13     2030.00
    62324.87    38324.84     1823.13     2040.00
    62320.88    38326.52     1832.15     2050.00
    62316.94    38328.20     1841.18     2060.00
    62313.03    38329.85     1850.24     2070.00
    62309.16    38331.42     1859.32     2080.00
    62305.29    38332.93     1868.42     2090.00
    62301.41    38334.41     1877.52     2100.00
    62297.55    38335.84     1886.63     2110.00
    62293.72    38337.17     1895.77     2120.00
    62289.95    38338.36     1904.96     2130.00
    62286.26    38339.49     1914.18     2140.00
    62282.62    38340.61     1923.43     2150.00
    62279.05    38341.70     1932.70     2160.00
    62275.48    38342.81     1941.98     2170.00
    62271.86    38344.00     1951.23     2180.00
    62268.17    38345.17     1960.45     2190.00
    62264.45    38346.30     1969.66     2200.00
    62260.72    38347.44     1978.87     2210.00
    62257.01    38348.68     1988.07     2220.00
    62253.27    38350.06     1997.24     2230.00
    62249.40    38351.45     2006.36     2240.00
    62245.46    38352.88     2015.43     2250.00
    62241.49    38354.32     2024.51     2260.00
    62237.49    38355.75     2033.56     2270.00
    62233.45    38357.19     2042.60     2280.00
    62229.41    38358.71     2051.62     2290.00
    62225.37    38360.29     2060.63     2300.00
    62221.32    38361.92     2069.62     2310.00
    62217.23    38363.58     2078.60     2320.00
    62213.14    38365.31     2087.56     2330.00
    62209.04    38367.12     2096.49     2340.00
    62204.89    38368.95     2105.41     2350.00
    62200.75    38370.82     2114.32     2360.00
    62196.60    38372.67     2123.22     2370.00
    62192.46    38374.51     2132.14     2380.00
    62188.34    38376.35     2141.07     2390.00
    62184.24    38378.11     2150.01     2400.00
    62180.15    38379.84     2158.97     2410.00
    62176.04    38381.61     2167.92     2420.00
    62171.89    38383.47     2176.82     2430.00
    62167.72    38385.40     2185.71     2440.00
    62163.59    38387.37     2194.59     2450.00
    62159.58    38389.38     2203.53     2460.00
    62155.74    38391.42     2212.54     2470.00
    62152.03    38393.48     2221.59     2480.00
    62148.44    38395.57     2230.69     2490.00
    62144.92    38397.73     2239.80     2500.00
    62141.43    38399.98     2248.89     2510.00
    62137.95    38402.34     2257.97     2520.00
    62134.50    38404.79     2267.03     2530.00
    62131.12    38407.32     2276.09     2540.00
    62127.77    38409.84     2285.17     2550.00
    62124.43    38412.31     2294.27     2560.00
    62121.09    38414.71     2303.38     2570.00
    62117.79    38417.02     2312.54     2580.00
    62114.54    38419.25     2321.72     2590.00
    62111.29    38421.44     2330.93     2600.00
    62108.04    38423.60     2340.13     2610.00
    62104.78    38425.72     2349.35     2620.00
    62101.54    38427.75     2358.59     2630.00
    62098.31    38429.67     2367.85     2640.00
    62095.10    38431.47     2377.15     2650.00
    62091.96    38433.23     2386.48     2660.00
    62088.90    38434.99     2395.84     2670.00
    62085.88    38436.74     2405.21     2680.00
    62082.86    38438.45     2414.59     2690.00
    62079.86    38440.11     2423.98     2700.00
    62076.87    38441.68     2433.39     2710.00
    62073.92    38443.18     2442.83     2720.00
    62071.04    38444.62     2452.30     2730.00
    62068.22    38446.00     2461.79     2740.00
    62065.41    38447.35     2471.29     2750.00
    62062.59    38448.70     2480.79     2760.00
    62059.76    38450.06     2490.29     2770.00
    62056.94    38451.41     2499.79     2780.00
    62054.16    38452.74     2509.30     2790.00
    62051.46    38454.02     2518.84     2800.00
    62048.88    38455.22     2528.43     2810.00
    62046.41    38456.37     2538.05     2820.00
    62043.98    38457.49     2547.69     2830.00
    62041.59    38458.61     2557.33     2840.00
    62039.23    38459.74     2566.98     2850.00
    62036.93    38460.83     2576.65     2860.00
    62034.63    38461.85     2586.33     2870.00
    62032.31    38462.80     2596.01     2880.00
    62029.99    38463.68     2605.70     2890.00
    62027.68    38464.51     2615.40     2900.00
    62025.37    38465.30     2625.10     2910.00
    62023.12    38466.10     2634.81     2920.00
    62020.95    38466.93     2644.54     2930.00
    62018.87    38467.78     2654.28     2940.00
    62016.88    38468.62     2664.05     2950.00
    62014.99    38469.44     2673.83     2960.00
    62013.13    38470.33     2683.62     2970.00
    62011.29    38471.34     2693.39     2980.00
    62009.49    38472.41     2703.17     2990.00
    62007.75    38473.52     2712.96     3000.00
    62006.03    38474.63     2722.75     3010.00
    62004.31    38475.73     2732.54     3020.00
    62002.60    38476.78     2742.33     3030.00
    62000.91    38477.76     2752.14     3040.00
    61999.28    38478.66     2761.96     3050.00
    61997.69    38479.48     2771.80     3060.00
    61996.15    38480.25     2781.65     3070.00
    61994.63    38480.99     2791.51     3080.00
    61993.10    38481.74     2801.32     3090.00
    61991.53    38482.50     2811.19     3100.00
    61989.94    38483.27     2821.03     3110.00
    61988.39    38484.02     2830.88     3120.00
    61986.85    38484.75     2840.74     3130.00
    61985.33    38485.46     2850.59     3140.00
    61983.81    38486.20     2860.45     3150.00
    61982.28    38487.01     2870.30     3160.00
    61980.75    38487.85     2880.15     3170.00
    61979.20    38488.69     2889.99     3180.00
    61977.66    38489.49     2899.84     3190.00
    61976.18    38490.23     2909.70     3200.00
    61974.74    38490.93     2919.57     3210.00
    61973.33    38491.60     2929.45     3220.00
    61971.93    38492.23     2939.33     3230.00
    61970.56    38492.82     2949.22     3240.00
    61969.22    38493.38     2959.11     3250.00
    61967.91    38493.93     2969.01     3260.00
    61966.63    38494.45     2978.92     3270.00
    61965.40    38494.95     2988.83     3280.00
    61964.21    38495.43     2998.74     3290.00
    61963.05    38495.91     3008.66     3300.00
    61961.89    38496.38     3018.59     3310.00
    61960.73    38496.82     3028.51     3320.00
    61959.57    38497.25     3038.43     3330.00
    61958.42    38497.65     3048.36     3340.00
    61957.28    38498.01     3058.29     3350.00
    61956.15    38498.36     3068.22     3360.00
    61955.01    38498.72     3078.14     3370.00
    61953.87    38499.08     3088.07     3380.00
    61952.96    38499.36     3096.02     3388.00
